PARTIAL depth=2 n=13
0 1 2 3 4 5 6 7 8 9 10 11 12 
1 11 4 2 0 8 10 7 3 12 6 5 9 
PARTIAL depth=3 n=13
0 1 2 3 4 5 6 7 8 9 10 11 12 
1 10 5 11 6 3 2 0 8 4 9 12 7 
2 4 0 10 8 3 11 1 12 9 7 6 5 
PARTIAL depth=4 n=13
0 1 2 3 4 5 6 7 8 9 10 11 12 
1 11 4 2 0 8 10 7 3 12 6 5 9 
2 10 0 9 5 7 12 8 1 3 6 4 11 
3 7 1 6 12 4 10 5 0 2 9 11 8 
PARTIAL depth=5 n=13
0 1 2 3 4 5 6 7 8 9 10 11 12 
1 10 5 11 6 3 2 0 8 4 9 12 7 
2 4 0 10 8 3 11 1 12 9 7 6 5 
3 9 11 4 7 1 8 0 12 5 10 2 6 
4 11 7 10 12 1 3 8 6 2 5 9 0 
PARTIAL depth=6 n=13
0 1 2 3 4 5 6 7 8 9 10 11 12 
1 11 8 10 0 6 4 2 9 7 12 3 5 
2 11 10 1 3 9 12 4 8 5 7 6 0 
3 10 8 1 4 0 11 7 2 6 5 12 9 
4 10 12 2 7 11 1 8 6 9 5 0 3 
5 1 10 4 7 3 8 0 12 11 9 6 2 
PARTIAL depth=7 n=13
0 1 2 3 4 5 6 7 8 9 10 11 12 
1 10 5 11 6 3 2 0 8 4 9 12 7 
2 4 0 10 8 3 11 1 12 9 7 6 5 
3 9 11 4 7 1 8 0 12 5 10 2 6 
4 11 7 10 12 1 3 8 6 2 5 9 0 
5 7 11 3 1 4 2 8 12 0 6 10 9 
6 1 11 10 0 7 9 4 8 5 3 12 2 
PARTIAL depth=8 n=13
0 1 2 3 4 5 6 7 8 9 10 11 12 
1 11 8 10 0 6 4 2 9 7 12 3 5 
2 11 10 1 3 9 12 4 8 5 7 6 0 
3 10 8 1 4 0 11 7 2 6 5 12 9 
4 10 12 2 7 11 1 8 6 9 5 0 3 
5 1 10 4 7 3 8 0 12 11 9 6 2 
6 3 1 9 11 5 4 12 7 10 2 0 8 
7 4 11 0 5 9 8 3 2 1 12 10 6 
PARTIAL depth=9 n=13
0 1 2 3 4 5 6 7 8 9 10 11 12 
1 11 4 2 0 8 10 7 3 12 6 5 9 
2 10 0 9 5 7 12 8 1 3 6 4 11 
3 7 1 6 12 4 10 5 0 2 9 11 8 
4 9 12 10 2 1 5 11 6 8 7 0 3 
5 4 1 9 8 0 6 11 3 10 12 2 7 
6 10 1 8 2 5 12 3 11 9 7 4 0 
7 5 10 9 6 1 12 0 4 3 8 11 2 
8 12 9 3 5 2 4 7 11 1 0 10 6 
PARTIAL depth=10 n=13
0 1 2 3 4 5 6 7 8 9 10 11 12 
1 11 8 10 0 6 4 2 9 7 12 3 5 
2 11 10 1 3 9 12 4 8 5 7 6 0 
3 10 8 1 4 0 11 7 2 6 5 12 9 
4 10 12 2 7 11 1 8 6 9 5 0 3 
5 1 10 4 7 3 8 0 12 11 9 6 2 
6 3 1 9 2 8 12 5 4 11 0 7 10 
7 9 11 6 12 10 3 0 2 5 8 4 1 
8 3 11 4 9 1 7 5 2 12 0 10 6 
9 0 5 3 2 1 6 10 7 4 12 8 11 
PARTIAL depth=11 n=13
0 1 2 3 4 5 6 7 8 9 10 11 12 
1 5 12 9 4 8 2 0 6 11 7 10 3 
2 1 12 4 7 5 11 6 8 0 3 10 9 
3 5 1 0 9 7 12 2 8 10 6 4 11 
4 9 3 2 7 1 10 8 11 5 0 12 6 
5 7 2 12 8 6 9 1 3 11 10 4 0 
6 3 12 0 11 4 2 10 5 9 8 1 7 
7 0 4 3 8 12 11 1 9 6 10 2 5 
8 3 1 11 2 6 0 10 12 7 9 5 4 
9 12 5 2 11 3 7 6 1 4 10 0 8 
10 7 3 6 2 9 11 0 5 8 4 12 1 
