PARTIAL depth=2 n=11
0 1 2 3 4 5 6 7 8 9 10 
1 10 7 4 3 9 2 8 0 6 5 
PARTIAL depth=3 n=11
0 1 2 3 4 5 6 7 8 9 10 
1 7 0 3 6 9 5 8 10 2 4 
2 7 3 5 1 4 8 0 6 10 9 
PARTIAL depth=4 n=11
0 1 2 3 4 5 6 7 8 9 10 
1 10 7 4 3 9 2 8 0 6 5 
2 0 5 3 8 1 7 6 10 4 9 
3 6 8 5 2 1 9 4 10 0 7 
PARTIAL depth=5 n=11
0 1 2 3 4 5 6 7 8 9 10 
1 7 0 3 6 9 5 8 10 2 4 
2 7 3 5 1 4 8 0 6 10 9 
3 10 6 0 7 9 8 5 4 2 1 
4 1 8 6 5 0 9 3 2 10 7 
PARTIAL depth=6 n=11
0 1 2 3 4 5 6 7 8 9 10 
1 10 7 4 3 9 2 8 0 6 5 
2 0 5 3 8 1 7 6 10 4 9 
3 6 8 5 2 1 9 4 10 0 7 
4 2 5 1 0 10 8 6 9 7 3 
5 0 4 7 10 6 1 3 2 9 8 
PARTIAL depth=7 n=11
0 1 2 3 4 5 6 7 8 9 10 
1 8 10 7 0 4 9 5 3 6 2 
2 8 5 1 4 6 9 7 10 0 3 
3 7 1 5 8 2 6 10 9 4 0 
4 8 7 2 1 0 5 10 3 9 6 
5 7 9 2 4 1 3 0 10 6 8 
6 1 10 2 5 9 0 7 3 8 4 
PARTIAL depth=8 n=11
0 1 2 3 4 5 6 7 8 9 10 
1 10 7 4 3 9 2 8 0 6 5 
2 0 5 3 8 1 7 6 10 4 9 
3 6 8 5 2 1 9 4 10 0 7 
4 2 5 1 0 10 8 6 9 7 3 
5 8 4 0 2 9 3 7 10 6 1 
6 0 9 1 4 8 10 3 5 7 2 
7 1 5 0 3 10 9 8 2 4 6 
PARTIAL depth=9 n=11
0 1 2 3 4 5 6 7 8 9 10 
1 7 0 3 6 9 5 8 10 2 4 
2 7 3 5 1 4 8 0 6 10 9 
3 10 6 0 7 9 8 5 4 2 1 
4 1 5 10 3 9 7 6 2 0 8 
5 2 9 0 4 7 10 1 8 6 3 
6 8 1 9 4 3 2 10 7 5 0 
7 4 10 8 3 1 0 2 5 9 6 
8 4 0 9 3 7 2 6 1 10 5 
