10 17 5 0 7 0 0 8 8 0 1 5 1 7 1 9 9 1 2 6 2 8 9 2 3 6 6 3 3 8 4 7 7 4 9 6
10 16 0 5 0 7 0 8 8 0 5 1 1 7 1 9 2 6 8 2 3 6 8 3 4 7 7 4 4 9 6 9 9 6
10 16 0 5 0 7 0 8 8 0 5 1 7 1 1 9 2 6 6 2 8 2 3 6 8 3 7 4 4 9 6 9 9 6
10 18 0 5 0 7 0 8 8 0 5 1 1 7 7 1 9 1 2 6 6 2 8 2 3 6 6 3 8 3 4 7 9 4 6 9 9 6
10 16 0 5 0 7 0 8 8 0 1 5 5 1 7 1 1 9 2 6 8 2 3 6 8 3 7 4 4 9 6 9 9 6
10 17 0 5 0 7 0 8 8 0 1 5 5 1 1 7 7 1 9 1 6 2 2 8 6 3 3 8 4 7 9 4 6 9 9 6
10 17 5 0 7 0 0 8 8 0 1 5 5 1 1 7 7 1 1 9 2 6 8 2 3 6 8 3 7 4 4 9 6 9 9 6
10 16 0 5 5 0 7 0 0 8 8 0 1 5 7 1 9 1 6 2 2 8 6 3 3 8 4 7 9 4 6 9 9 6
10 16 0 5 0 7 0 8 8 0 5 1 7 1 1 9 2 6 8 2 3 6 8 3 4 7 7 4 5 9 6 9 9 6
10 16 5 0 7 0 0 8 8 0 1 5 1 7 9 1 6 2 2 8 6 3 3 8 4 7 7 4 9 5 6 9 9 6
10 16 5 0 7 0 0 9 1 5 7 1 2 6 8 2 3 6 8 3 4 7 7 4 4 8 8 4 5 9 6 9 9 6
10 17 0 5 5 0 0 7 8 0 5 1 8 1 1 9 6 2 7 2 2 9 9 2 3 6 3 8 8 3 3 9 4 7 7 4
10 16 0 5 0 7 8 0 1 5 8 1 6 2 7 2 2 9 9 2 3 6 3 8 8 3 3 9 4 7 7 4 5 9
10 17 0 5 0 7 7 0 8 0 1 5 8 1 6 2 2 7 2 9 3 6 3 8 8 3 3 9 4 7 7 4 5 9 9 5
10 17 0 5 0 7 7 0 0 8 8 0 5 1 8 1 1 9 9 1 2 6 7 2 2 9 3 6 8 3 4 7 7 4 6 9
10 16 0 5 0 7 0 8 8 0 5 1 8 1 1 9 9 1 2 6 7 2 3 6 3 8 8 3 7 4 4 9 6 9
10 16 0 5 0 7 0 8 8 0 5 1 8 1 1 9 9 1 2 6 6 2 7 2 3 6 8 3 7 4 4 9 6 9
10 16 0 5 0 7 7 0 0 8 5 1 1 8 1 9 2 6 7 2 3 6 8 3 7 4 4 9 9 4 6 9 9 6
10 15 0 5 0 7 7 0 0 8 5 1 8 1 1 9 2 6 7 2 3 6 8 3 7 4 4 9 6 9 9 6
10 15 0 5 0 7 7 0 0 8 5 1 8 1 1 9 9 1 2 6 7 2 3 6 8 3 7 4 4 9 6 9
10 17 0 5 0 7 7 0 0 8 1 5 5 1 8 1 1 9 9 1 2 6 7 2 3 6 3 8 8 3 7 4 4 9 6 9
10 16 5 0 0 7 8 0 1 5 1 8 1 9 9 1 2 6 6 2 2 7 7 2 3 6 8 3 4 7 9 4 9 6
10 16 5 0 0 7 7 0 8 0 1 5 1 8 9 1 6 2 2 7 6 3 3 8 8 3 4 7 9 4 6 9 9 6
10 16 5 0 0 7 7 0 8 0 1 5 1 8 1 9 9 1 6 2 2 7 3 6 6 3 3 8 4 7 9 4 9 6
10 15 5 0 0 7 7 0 8 0 1 5 8 1 9 1 6 2 2 7 6 3 3 8 4 7 9 4 6 9 9 6
10 15 5 0 0 7 7 0 8 0 1 5 1 8 8 1 1 9 6 2 2 7 3 6 8 3 4 7 9 4 6 9
10 17 5 0 0 7 7 0 8 0 1 5 5 1 1 8 8 1 1 9 2 6 7 2 3 6 8 3 7 4 4 9 6 9 9 6
10 16 0 5 5 0 0 7 7 0 0 8 5 1 8 1 1 9 2 6 7 2 3 6 8 3 7 4 4 9 6 9 9 6
10 17 0 5 0 7 7 0 0 8 5 1 1 8 8 1 1 9 9 1 2 6 2 7 7 2 2 9 6 3 3 9 7 4 4 8
10 16 0 5 5 0 0 7 8 0 1 5 1 8 1 9 9 1 6 2 2 7 7 2 9 2 3 6 9 3 4 7 8 4
10 16 0 5 5 0 7 0 0 8 5 1 8 1 1 9 9 1 2 6 2 7 7 2 2 9 6 3 3 9 7 4 4 8
10 17 0 5 7 0 8 0 1 5 8 1 2 6 2 7 7 2 2 9 3 6 6 3 4 7 7 4 4 8 5 9 9 5 6 9
10 15 0 5 0 7 7 0 0 9 5 1 1 8 9 1 6 2 7 2 2 8 8 2 3 6 9 3 7 4 4 8
10 16 0 5 0 7 7 0 0 9 5 1 8 1 1 9 9 1 2 6 2 7 2 8 8 2 6 3 3 9 4 7 8 4
10 16 0 5 5 0 0 7 0 9 5 1 8 1 1 9 2 6 2 7 2 8 3 6 6 3 3 9 4 7 7 4 8 4
10 16 0 5 0 7 9 0 5 1 1 8 8 1 9 1 2 6 2 7 2 9 9 2 6 3 3 8 8 3 7 4 4 8
10 16 0 5 0 7 0 9 9 0 5 1 1 8 8 1 9 1 2 6 2 7 9 2 3 6 6 3 3 8 7 4 4 8
10 15 0 5 0 7 0 9 9 0 5 1 1 8 8 1 9 1 2 6 7 2 9 2 6 3 3 8 7 4 4 8
10 16 0 5 7 0 0 9 5 1 1 8 8 1 9 1 2 6 6 2 2 7 7 2 2 9 6 3 3 8 7 4 4 8
10 15 0 5 7 0 9 0 5 1 1 8 8 1 9 1 2 6 2 7 7 2 2 9 6 3 3 8 7 4 4 8
10 15 0 5 0 7 7 0 0 9 5 1 1 8 8 1 9 1 2 6 7 2 2 9 6 3 3 8 7 4 4 8
10 17 0 5 0 7 7 0 0 9 5 1 1 8 8 1 1 9 9 1 2 6 2 7 7 2 2 9 6 3 3 8 7 4 4 8
10 16 5 0 0 7 0 9 1 5 1 8 8 1 1 9 6 2 7 2 2 9 9 2 3 6 8 3 4 7 7 4 8 4
10 15 5 0 0 7 0 9 1 5 1 8 8 1 1 9 6 2 2 7 7 2 9 2 3 6 8 3 4 7 8 4
10 15 5 0 0 7 9 0 1 5 1 8 8 1 1 9 6 2 2 7 7 2 9 2 3 6 8 3 4 7 8 4
10 16 5 0 0 7 9 0 1 5 1 8 8 1 1 9 2 6 6 2 2 7 7 2 9 2 3 6 8 3 4 7 8 4
10 16 5 0 7 0 0 9 1 5 5 1 1 8 8 1 1 9 6 2 7 2 2 9 9 2 3 6 8 3 4 7 8 4
10 17 5 0 0 7 7 0 9 0 1 5 8 1 9 1 2 6 6 2 2 7 2 9 3 6 6 3 3 8 8 3 4 7 8 4
10 15 5 0 0 7 7 0 9 0 1 5 1 8 8 1 1 9 6 2 2 7 2 9 3 6 8 3 4 7 8 4
10 16 5 0 0 7 7 0 9 0 1 5 1 8 8 1 1 9 6 2 2 7 9 2 3 6 6 3 8 3 4 7 8 4
10 16 0 5 7 0 0 9 5 1 1 8 8 1 9 1 2 6 7 2 6 3 3 8 8 3 4 7 7 4 4 8 4 9
10 15 0 5 7 0 9 0 5 1 1 8 8 1 9 1 2 6 7 2 6 3 3 8 4 7 7 4 4 8 4 9
10 15 0 5 0 7 7 0 0 9 5 1 1 8 9 1 2 6 7 2 6 3 3 8 7 4 4 8 8 4 9 4
10 16 0 5 0 7 7 0 0 9 5 1 1 8 8 1 9 1 2 6 7 2 6 3 3 8 8 3 7 4 4 8 4 9
10 17 5 0 0 7 7 0 0 9 1 5 5 1 8 1 6 2 7 2 2 9 9 2 3 6 8 3 4 7 4 8 8 4 4 9
10 15 5 0 0 7 7 0 9 0 1 5 8 1 6 2 2 7 9 2 3 6 8 3 4 7 4 8 8 4 4 9
10 16 5 0 0 7 7 0 9 0 1 5 8 1 6 2 2 7 7 2 9 2 3 6 8 3 4 7 4 8 8 4 4 9
10 15 0 5 7 0 5 1 1 8 8 1 9 1 2 6 2 7 7 2 2 9 6 3 3 8 7 4 4 8 4 9
10 17 0 5 7 0 5 1 1 8 8 1 1 9 9 1 2 6 2 7 7 2 2 9 6 3 3 8 4 7 7 4 4 8 4 9
10 16 0 5 7 0 1 5 5 1 8 1 1 9 6 2 7 2 2 9 9 2 3 6 8 3 4 7 7 4 4 8 4 9
10 17 0 5 5 0 0 7 7 0 1 5 8 1 9 1 6 2 2 7 7 2 9 2 3 6 8 3 4 7 4 8 8 4 4 9
10 16 0 5 7 0 1 5 8 1 2 6 6 2 2 7 7 2 2 9 6 3 3 8 3 9 7 4 4 8 5 9 9 5
10 17 0 5 0 7 7 0 1 5 8 1 6 2 7 2 2 9 3 6 3 8 8 3 3 9 4 7 7 4 8 4 5 9 9 5
10 16 0 5 0 7 7 0 5 1 1 8 2 6 2 7 7 2 2 9 6 3 3 8 8 3 9 3 7 4 4 8 5 9
10 17 0 5 0 7 7 0 5 1 1 8 8 1 2 6 2 7 7 2 2 9 6 3 3 8 8 3 9 3 7 4 4 8 9 5
10 16 5 0 0 7 5 1 1 8 2 6 2 7 9 2 6 3 3 8 9 3 4 7 7 4 4 8 8 4 5 9 9 5
10 17 0 5 5 0 0 7 1 5 8 1 6 2 7 2 2 9 9 2 3 6 3 8 8 3 3 9 4 7 4 8 8 4 5 9
10 16 0 5 7 0 1 5 5 1 1 8 8 1 2 6 2 7 2 9 9 2 6 3 3 8 4 7 4 8 9 4 9 5
10 15 5 0 0 7 1 5 8 1 6 2 2 7 7 2 9 2 3 6 8 3 4 7 4 8 8 4 4 9 5 9
10 15 5 0 0 7 1 5 8 1 6 2 2 7 7 2 9 2 3 6 8 3 4 7 4 8 8 4 4 9 9 5
10 16 5 0 0 7 1 5 8 1 6 2 2 7 7 2 9 2 3 6 3 8 8 3 4 7 4 8 8 4 4 9 9 5
10 17 5 0 0 7 5 1 1 8 2 6 2 7 2 9 9 2 6 3 3 8 4 7 7 4 4 8 8 4 9 4 5 9 9 5
10 16 5 0 0 7 5 1 1 8 2 6 6 2 2 7 9 2 6 3 3 8 7 4 4 8 8 4 9 4 5 9 9 5
10 16 5 0 0 7 7 0 5 1 1 8 8 1 2 6 2 7 2 9 6 3 3 8 8 3 4 7 4 8 9 4 5 9
10 16 0 5 5 0 0 7 1 5 8 1 6 2 7 2 2 9 9 2 3 6 8 3 4 7 4 8 8 4 4 9 5 9
10 16 5 0 0 7 7 0 9 0 1 5 5 1 1 8 8 1 6 2 2 7 3 6 8 3 4 7 8 4 5 9 6 9
10 17 0 5 5 0 0 7 0 9 5 1 1 8 6 2 2 7 6 3 3 8 4 7 7 4 4 8 8 4 5 9 6 9 9 6
10 17 0 5 7 0 1 5 8 1 2 6 7 2 3 6 8 3 4 7 7 4 4 8 8 4 4 9 5 9 9 5 6 9 9 6
10 16 0 5 5 0 7 0 1 5 8 1 2 6 7 2 3 6 8 3 4 7 4 8 8 4 4 9 5 9 6 9 9 6
10 16 0 5 5 0 0 7 7 0 5 1 1 8 2 6 7 2 3 6 8 3 7 4 4 8 4 9 5 9 6 9 9 6
10 16 5 0 0 8 1 5 5 1 2 6 2 7 7 2 2 9 6 3 3 8 8 3 9 3 7 4 4 8 4 9 7 5
10 16 0 5 8 0 1 5 5 1 6 2 2 7 7 2 9 2 3 6 3 8 8 3 3 9 4 7 8 4 5 7 6 9
