9 18 5 0 0 7 7 0 8 0 6 1 1 7 7 1 8 1 2 7 8 2 3 7 8 3 4 8 8 4 5 8 8 5 8 6 8 7
9 18 0 5 5 0 0 7 7 0 8 0 1 6 6 1 1 8 8 1 2 7 8 2 3 7 8 3 4 7 8 4 8 5 8 6 8 7
9 15 0 5 7 0 8 0 1 6 7 1 8 1 7 2 2 8 7 3 3 8 7 4 4 8 5 8 8 5 6 8
9 17 0 5 0 7 7 0 0 8 1 6 7 1 1 8 7 2 2 8 7 3 3 8 7 4 4 8 5 8 8 5 6 8 8 6
9 17 0 5 0 7 7 0 0 8 1 6 7 1 1 8 7 2 2 8 8 2 7 3 3 8 7 4 4 8 5 8 6 8 8 6
9 16 5 0 0 7 7 0 8 0 6 1 1 7 8 1 2 7 7 2 8 2 3 7 8 3 4 7 8 4 8 5 8 6
9 17 5 0 0 7 7 0 8 0 6 1 1 7 7 1 8 1 2 7 8 2 3 7 8 3 4 7 8 4 5 8 8 5 8 6
9 17 5 0 0 7 7 0 8 0 6 1 1 7 7 1 8 1 2 7 7 2 8 2 3 7 8 3 4 7 8 4 8 5 8 6
9 17 0 5 5 0 0 7 7 0 8 0 6 1 1 7 7 1 8 1 2 7 8 2 3 7 8 3 4 7 8 4 8 5 8 6
9 18 0 5 5 0 0 7 7 0 8 0 1 6 6 1 1 7 1 8 2 7 8 2 3 7 8 3 4 7 8 4 8 5 6 8 8 6
9 18 0 5 5 0 7 0 0 8 8 0 1 6 6 1 1 7 7 1 1 8 7 2 2 8 7 3 3 8 7 4 4 8 8 5 7 8
