9 15 0 5 6 0 7 0 1 5 6 1 7 1 2 5 6 2 3 7 3 8 8 3 4 7 8 4 8 5 8 6
9 15 0 5 6 0 7 0 1 5 6 1 7 1 2 5 6 2 3 7 7 3 3 8 7 4 4 8 5 8 6 8
9 16 0 5 6 0 7 0 1 5 6 1 7 1 2 5 6 2 3 7 7 3 3 8 7 4 4 8 8 4 8 5 6 8
9 16 0 5 6 0 7 0 1 5 6 1 7 1 2 5 6 2 3 7 7 3 8 3 4 7 4 8 8 4 8 5 8 6
9 16 0 5 6 0 7 0 1 5 6 1 7 1 2 5 5 2 6 2 3 7 7 3 3 8 7 4 4 8 8 5 6 8
9 15 5 0 6 0 0 7 5 1 6 1 1 7 2 5 6 2 3 7 3 8 8 3 4 7 8 4 5 8 6 8
9 17 5 0 6 0 0 7 7 0 5 1 6 1 1 7 7 1 2 5 6 2 3 7 8 3 4 7 8 4 8 5 6 8 8 6
9 17 0 5 5 0 6 0 7 0 1 5 1 6 1 7 7 1 2 5 6 2 7 3 3 8 8 3 7 4 4 8 8 5 8 6
9 17 0 5 5 0 6 0 7 0 1 5 5 1 6 1 7 1 2 5 6 2 3 7 8 3 4 7 8 4 8 5 6 8 8 6
9 17 5 0 0 6 6 0 7 0 8 0 5 1 1 6 7 1 8 1 2 5 2 7 2 8 8 2 3 6 8 3 4 8 8 4
9 17 0 5 5 0 0 6 0 7 0 8 5 1 1 6 6 1 7 1 8 1 5 2 2 7 2 8 3 6 8 3 4 8 8 4
