10 16 0 5 0 6 0 8 8 0 1 7 8 1 7 2 2 9 8 3 3 9 9 3 8 4 4 9 6 5 5 9 9 5
10 16 0 5 0 6 0 8 8 0 1 7 8 1 7 2 2 9 9 2 8 3 3 9 8 4 4 9 6 5 5 9 9 5
10 17 0 5 0 6 0 8 8 0 1 7 8 1 7 2 2 9 9 2 8 3 3 9 8 4 4 9 5 6 6 5 5 9 9 5
10 17 0 5 0 6 0 8 8 0 1 7 8 1 7 2 2 9 9 2 8 3 3 9 9 3 8 4 4 9 6 5 5 9 9 5
10 16 0 5 0 6 0 8 8 0 1 7 8 1 7 2 2 9 9 2 3 8 8 3 3 9 8 4 4 9 6 5 5 9
10 17 0 5 0 6 0 8 8 0 1 7 8 1 2 7 7 2 2 9 8 3 3 9 9 3 8 4 4 9 6 5 5 9 9 5
10 17 0 5 0 6 0 8 8 0 1 7 1 8 8 1 7 2 2 9 8 3 3 9 8 4 4 9 5 6 6 5 5 9 9 5
10 17 0 5 0 6 0 8 8 0 1 7 1 8 8 1 7 2 2 9 9 2 8 3 3 9 8 4 4 9 6 5 5 9 9 5
10 16 0 5 6 0 0 8 7 1 1 8 8 1 2 7 2 9 9 2 3 8 9 3 4 8 9 4 5 6 6 5 9 5
10 15 0 5 6 0 0 8 1 7 7 1 1 8 2 7 9 2 3 8 8 3 9 3 4 8 9 4 5 6 9 5
10 16 0 5 6 0 8 0 1 7 1 8 8 1 2 7 7 2 2 9 8 3 3 9 8 4 4 9 5 6 6 5 5 9
10 16 0 5 0 6 6 0 0 8 7 1 1 8 2 7 7 2 2 9 9 2 3 8 9 3 4 8 9 4 5 6 9 5
10 16 0 5 0 6 6 0 0 8 1 7 7 1 1 8 2 7 9 2 3 8 9 3 4 8 9 4 5 6 5 9 9 5
10 17 0 5 0 6 6 0 0 8 1 7 7 1 1 8 2 7 9 2 3 8 8 3 9 3 4 8 9 4 5 6 6 5 9 5
10 16 0 5 0 6 6 0 8 0 1 7 8 1 7 2 2 9 9 2 3 8 8 3 3 9 8 4 4 9 6 5 5 9
10 16 0 5 0 6 6 0 8 0 1 7 7 1 8 1 7 2 2 9 8 3 3 9 9 3 8 4 4 9 6 5 5 9
10 16 0 5 5 0 0 6 0 8 7 1 1 8 2 7 7 2 9 2 3 8 3 9 9 3 4 8 9 4 6 5 9 5
10 16 0 5 5 0 0 6 0 8 7 1 1 8 8 1 2 7 2 9 9 2 3 8 9 3 4 8 9 4 6 5 9 5
10 18 0 5 5 0 0 6 6 0 0 8 7 1 1 8 8 1 2 7 9 2 3 8 3 9 9 3 4 8 9 4 5 6 6 5 9 5
10 17 0 5 5 0 0 6 6 0 0 8 1 7 7 1 1 8 2 7 2 9 9 2 3 8 9 3 4 8 9 4 5 6 9 5
10 16 0 5 5 0 0 6 6 0 8 0 1 7 8 1 7 2 2 9 9 2 8 3 3 9 8 4 4 9 5 6 5 9
10 16 0 5 5 0 0 6 6 0 8 0 1 7 8 1 2 7 7 2 2 9 8 3 3 9 8 4 4 9 5 6 5 9
10 16 0 5 5 0 0 6 6 0 8 0 1 7 1 8 8 1 7 2 2 9 8 3 3 9 8 4 4 9 5 6 5 9
10 16 5 0 6 0 0 8 8 0 7 1 1 8 8 1 2 7 9 2 3 8 9 3 4 8 8 4 5 6 9 5 9 6
10 19 0 5 5 0 0 6 6 0 8 0 7 1 1 9 7 2 2 9 8 3 3 9 9 3 4 8 8 4 5 6 6 5 5 9 7 8 8 7
