10 15 0 5 5 0 6 0 9 0 1 5 1 7 7 1 2 6 6 2 8 2 3 7 9 3 4 8 9 4 9 5
10 15 0 5 5 0 6 0 9 0 1 5 5 1 7 1 2 6 6 2 8 2 3 7 9 3 4 8 9 4 9 5
10 15 5 0 0 6 6 0 1 5 5 1 1 7 1 9 6 2 2 8 7 3 3 9 8 4 4 9 9 4 5 9
10 15 0 5 0 6 0 9 9 0 5 1 1 7 7 1 6 2 2 8 8 2 9 2 7 3 3 8 4 8 9 4
10 15 0 5 5 0 6 0 9 0 1 5 1 7 7 1 2 6 8 2 9 2 3 7 8 3 8 4 4 9 9 4
10 16 5 0 0 6 1 5 5 1 7 1 2 6 6 2 8 2 9 2 7 3 3 8 4 8 8 4 9 6 7 9 9 7
10 15 0 5 0 6 0 9 9 0 5 1 1 8 8 1 9 1 6 2 2 8 7 3 3 8 8 3 4 7 9 4
10 15 0 5 0 6 0 9 9 0 1 5 5 1 1 8 8 1 9 1 6 2 2 8 7 3 3 8 4 7 9 4
10 16 5 0 6 0 0 9 9 0 1 5 1 8 8 1 1 9 2 6 8 2 3 7 7 3 8 3 4 7 7 4 4 9
10 16 5 0 6 0 0 9 9 0 1 5 1 8 8 1 1 9 2 6 6 2 8 2 3 7 7 3 8 3 7 4 4 9
10 16 5 0 0 6 6 0 0 9 9 0 1 5 1 8 8 1 1 9 2 6 8 2 3 7 8 3 7 4 4 9 9 4
10 15 0 5 6 0 1 5 8 1 2 6 8 2 3 7 3 8 8 3 3 9 4 7 7 4 4 9 5 9 9 5
10 15 0 5 5 0 0 6 1 5 1 8 8 1 1 9 6 2 2 9 3 7 8 3 4 7 8 4 7 9 9 7
10 16 0 5 5 0 0 6 1 5 1 8 8 1 1 9 2 6 6 2 2 9 3 7 8 3 4 7 8 4 7 9 9 7
10 16 0 5 5 0 6 0 5 1 1 8 8 1 9 1 2 6 6 2 7 3 3 8 7 4 4 8 9 6 7 9 9 7
10 15 0 5 6 0 1 5 9 1 6 2 2 8 7 3 3 8 4 7 7 4 9 4 5 8 8 5 6 9 9 6
10 15 0 5 6 0 1 5 9 1 6 2 2 8 7 3 3 8 8 3 4 7 9 4 5 8 8 5 6 9 9 6
10 16 0 5 6 0 1 5 9 1 6 2 2 8 7 3 3 8 8 3 4 7 7 4 9 4 5 8 8 5 6 9 9 6
10 15 0 5 6 0 1 5 9 1 2 6 6 2 9 2 7 3 3 8 7 4 4 8 5 8 8 5 7 9 9 7
10 15 0 5 5 0 6 0 1 5 9 1 2 6 9 2 7 3 3 8 7 4 4 8 5 8 8 5 7 9 9 7
