10 17 0 7 8 0 1 7 7 1 1 9 2 8 8 2 2 9 8 3 3 9 9 3 8 4 4 9 8 5 5 9 6 9 9 6
10 17 7 0 0 8 1 7 1 9 9 1 2 8 8 2 9 2 3 8 8 3 9 3 4 8 9 4 5 8 9 5 6 9 9 6
10 17 7 0 0 8 1 7 7 1 9 1 2 8 8 2 9 2 3 8 3 9 9 3 4 8 9 4 5 8 9 5 6 9 9 6
10 17 7 0 0 8 8 0 1 7 9 1 2 8 8 2 9 2 3 8 3 9 9 3 4 8 9 4 5 8 9 5 6 9 9 6
10 18 7 0 0 8 8 0 1 7 1 9 9 1 2 8 8 2 9 2 3 8 8 3 9 3 4 8 9 4 5 8 9 5 6 9 9 6
10 17 0 7 7 0 0 8 1 7 9 1 2 8 8 2 9 2 3 8 3 9 9 3 4 8 9 4 5 8 9 5 6 9 9 6
10 17 0 7 7 0 8 0 7 1 1 9 9 1 2 8 8 2 2 9 8 3 3 9 8 4 4 9 8 5 5 9 6 9 9 6
10 17 7 0 8 0 0 9 1 7 7 1 8 1 7 2 2 9 8 3 3 9 9 3 8 4 4 9 5 9 9 5 6 9 9 6
10 17 7 0 0 8 9 0 7 1 1 8 8 1 2 7 7 2 9 2 3 8 9 3 4 8 9 4 5 8 8 5 6 9 9 6
10 17 0 7 0 8 8 0 7 1 1 9 2 7 7 2 8 3 3 9 9 3 8 4 4 9 9 4 8 5 5 9 8 6 6 9
10 18 0 7 7 0 8 0 7 1 1 9 2 7 7 2 3 8 8 3 3 9 4 8 8 4 4 9 8 5 5 9 9 5 8 6 6 9
10 17 0 7 7 0 8 0 7 1 1 9 9 1 2 7 7 2 3 8 8 3 3 9 8 4 4 9 8 5 5 9 8 6 6 9
10 17 0 7 8 0 1 7 8 1 2 7 7 2 9 2 3 7 9 3 4 8 8 4 4 9 8 5 5 9 9 5 6 9 9 6
10 17 0 7 7 0 8 0 1 7 7 1 8 1 2 7 2 9 9 2 3 7 9 3 4 8 9 4 5 8 9 5 6 9 9 6
