9 16 0 3 0 5 0 7 0 8 1 4 1 6 6 1 1 8 6 2 2 7 5 3 3 7 7 3 4 8 8 4 6 8
9 15 0 3 0 5 0 7 8 0 1 4 4 1 1 6 6 2 2 7 3 5 5 3 3 7 8 3 8 4 8 7
9 16 0 3 3 0 0 5 7 0 0 8 1 4 1 6 6 1 2 6 2 7 7 2 3 5 7 3 4 8 5 8 7 8
9 15 3 0 5 0 0 7 7 0 8 0 4 1 1 6 8 1 6 2 2 7 3 5 3 8 8 3 4 7 8 4
9 15 3 0 5 0 0 7 1 4 1 6 8 1 6 2 2 7 7 2 8 2 3 5 5 3 8 3 4 7 8 4
9 15 3 0 5 0 0 7 4 1 1 6 8 1 6 2 2 7 7 2 8 2 3 5 5 3 8 3 4 7 8 4
9 15 0 3 0 5 0 7 7 0 0 8 4 1 6 1 1 8 8 1 2 6 7 2 3 5 3 8 7 4 5 8
9 16 0 3 3 0 5 0 0 7 7 0 8 0 1 4 1 6 1 8 8 1 6 2 2 7 5 3 8 3 4 7 8 5
9 15 0 3 0 5 0 7 7 0 1 4 4 1 6 1 8 1 2 6 7 2 3 5 3 8 7 4 8 4 5 8
9 15 0 3 0 5 0 7 7 0 0 8 4 1 1 6 1 8 2 6 7 2 5 3 3 8 8 3 7 4 6 8
9 14 0 3 0 5 0 7 7 0 4 1 1 6 1 8 2 6 7 2 3 5 3 8 7 4 5 8 6 8
9 14 3 0 5 0 0 7 7 0 1 4 1 6 8 1 6 2 2 7 3 5 8 3 4 7 8 5 8 6
9 15 3 0 5 0 0 7 7 0 1 4 1 6 8 1 6 2 2 7 3 5 8 3 4 7 7 4 8 5 8 6
9 15 3 0 5 0 0 7 7 0 1 4 1 6 1 8 8 1 6 2 2 7 3 5 8 3 4 7 8 5 8 6
9 16 0 3 0 5 0 7 7 0 0 8 4 1 6 1 1 8 8 1 2 6 7 2 5 3 3 8 8 3 7 4 7 8
9 15 3 0 0 5 5 0 0 7 1 4 1 6 8 1 6 2 2 7 7 2 3 5 8 3 4 7 8 4 8 7
9 15 0 3 0 5 0 7 7 0 4 1 6 1 1 8 8 1 2 6 7 2 3 5 3 8 7 4 5 8 7 8
9 16 0 3 0 5 0 7 7 0 4 1 6 1 1 8 8 1 2 6 2 7 7 2 3 5 3 8 7 4 5 8 7 8
9 15 0 3 0 5 0 7 7 0 4 1 1 6 1 8 2 6 7 2 5 3 3 8 8 3 7 4 6 8 7 8
9 15 3 0 0 5 7 0 4 1 1 6 6 1 8 1 2 6 7 2 3 5 5 3 3 8 7 4 8 6 7 8
9 15 0 3 3 0 5 0 7 0 4 1 1 6 1 8 2 6 7 2 3 5 3 8 4 7 7 4 6 8 7 8
