10 15 4 0 0 7 0 9 1 5 1 6 1 8 8 1 5 2 6 2 2 9 9 2 7 3 8 3 3 9 8 4
10 15 4 0 7 0 0 9 1 5 1 6 1 8 8 1 5 2 6 2 2 9 9 2 3 7 8 3 3 9 8 4
10 16 4 0 7 0 0 9 1 5 1 6 1 8 8 1 5 2 6 2 2 9 9 2 3 7 8 3 3 9 4 8 8 4
10 15 0 4 0 7 9 0 5 1 6 1 1 8 8 1 5 2 2 6 7 3 3 8 9 3 4 8 5 9 9 5
10 16 0 4 0 7 7 0 9 0 5 1 6 1 1 8 8 1 5 2 2 6 7 3 3 8 9 3 4 8 5 9 9 5
10 16 0 4 0 7 9 0 5 1 6 1 1 8 8 1 5 2 2 6 7 3 3 8 8 3 4 8 9 4 5 9 9 5
10 16 4 0 0 7 9 0 5 1 6 1 1 8 8 1 5 2 2 6 7 3 3 8 8 3 4 8 9 4 5 9 9 5
10 15 4 0 7 0 0 9 1 5 1 6 1 8 8 1 2 5 6 2 3 7 8 3 8 4 4 9 5 9 9 5
10 16 4 0 0 7 7 0 9 0 5 1 6 1 1 8 8 1 5 2 2 6 7 3 3 8 4 8 9 4 5 9 9 5
10 16 0 4 4 0 7 0 9 0 1 5 1 6 1 8 8 1 2 5 6 2 3 7 8 3 8 4 9 4 5 9 9 5
10 18 0 4 4 0 0 7 1 5 1 6 1 8 8 1 2 5 6 2 7 3 8 3 3 9 9 3 4 8 8 4 4 9 5 9 9 5
10 16 0 4 0 7 0 9 9 0 5 1 6 1 1 8 8 1 2 5 5 2 2 6 7 3 3 8 4 8 9 5 9 6
10 17 0 4 0 7 0 9 9 0 1 5 5 1 6 1 1 8 8 1 2 5 2 6 6 2 7 3 3 8 4 8 9 5 9 6
10 16 0 4 4 0 7 0 9 0 5 1 6 1 8 1 2 5 5 2 2 6 3 7 3 8 8 3 8 4 5 9 6 9
10 17 0 4 0 7 7 0 0 9 9 0 5 1 6 1 1 8 8 1 2 5 2 6 2 9 9 2 7 3 3 8 4 8 7 9
10 16 4 0 0 7 0 9 1 5 1 6 1 8 8 1 5 2 6 2 2 9 9 2 3 7 3 8 8 3 8 4 7 9
10 16 4 0 0 7 7 0 9 0 1 5 1 6 1 8 8 1 5 2 6 2 2 9 9 2 3 7 8 3 8 4 9 7
10 17 4 0 0 7 7 0 0 9 9 0 1 5 1 6 1 8 8 1 5 2 6 2 2 9 9 2 3 7 8 3 8 4 7 9
10 16 0 4 4 0 0 7 9 0 5 1 6 1 1 8 8 1 2 5 2 6 2 9 9 2 7 3 3 8 4 8 9 7
10 17 0 4 4 0 0 7 7 0 0 9 1 5 1 6 1 8 8 1 5 2 6 2 2 9 9 2 3 7 8 3 8 4 7 9
10 15 0 4 0 7 9 0 5 1 6 1 1 8 8 1 5 2 2 6 7 3 3 8 4 8 5 9 9 5 9 7
10 16 0 4 0 7 9 0 5 1 6 1 1 8 8 1 2 5 5 2 2 6 7 3 3 8 4 8 5 9 9 5 9 7
