9 17 0 5 5 0 0 7 7 0 8 0 1 6 6 1 1 7 2 7 8 2 3 7 8 3 4 8 8 4 8 5 8 6 8 7
9 17 0 5 0 7 7 0 0 8 1 6 6 1 7 1 1 8 7 2 2 8 8 2 7 3 3 8 7 4 4 8 5 8 8 5
9 17 0 5 0 7 7 0 0 8 1 6 6 1 7 1 1 8 7 2 2 8 8 2 7 3 3 8 8 3 7 4 4 8 5 8
9 17 0 5 0 7 7 0 0 8 1 6 6 1 7 1 1 8 8 1 7 2 2 8 7 3 3 8 7 4 4 8 5 8 8 5
9 16 0 5 0 7 0 8 8 0 1 6 6 1 1 7 2 7 8 2 3 7 8 3 4 7 8 4 5 8 8 5 8 6
9 16 0 5 0 7 7 0 0 8 1 6 7 1 7 2 2 8 8 2 7 3 3 8 7 4 4 8 5 8 6 8 8 6
9 16 0 5 0 7 7 0 0 8 1 6 7 1 7 2 2 8 8 2 7 3 3 8 8 3 7 4 4 8 5 8 6 8
9 16 5 0 0 7 8 0 6 1 1 7 7 1 2 7 7 2 8 2 3 7 8 3 4 7 8 4 5 8 8 5 8 6
9 16 5 0 0 7 7 0 8 0 6 1 1 7 7 1 2 7 8 2 3 7 8 3 4 7 8 4 8 5 6 8 8 6
9 16 5 0 0 7 7 0 8 0 6 1 1 7 7 1 2 7 2 8 8 2 3 7 8 3 4 7 8 4 8 5 8 6
9 16 5 0 0 7 7 0 8 0 6 1 1 7 7 1 2 7 7 2 8 2 3 7 8 3 4 7 8 4 8 5 8 6
9 17 5 0 0 7 7 0 8 0 1 6 6 1 1 7 2 7 7 2 8 2 3 7 7 3 8 3 4 7 8 4 8 5 8 6
9 16 0 5 5 0 7 0 0 8 8 0 1 6 1 7 7 1 7 2 2 8 7 3 3 8 7 4 4 8 8 5 6 8
9 18 0 5 5 0 7 0 0 8 8 0 1 6 1 7 7 1 7 2 2 8 8 2 7 3 3 8 7 4 4 8 5 8 8 5 6 8
9 16 0 5 5 0 0 7 7 0 8 0 6 1 1 7 2 7 2 8 8 2 3 7 8 3 4 7 8 4 8 5 8 6
9 17 0 5 5 0 0 7 7 0 8 0 6 1 1 7 7 1 2 7 2 8 8 2 3 7 8 3 4 7 8 4 8 5 8 6
9 17 0 5 0 7 7 0 0 8 1 6 6 1 7 1 7 2 2 8 7 3 3 8 4 7 7 4 5 8 8 5 6 8 7 8
9 17 0 5 5 0 7 0 0 8 8 0 1 6 1 7 7 1 7 2 2 8 7 3 3 8 4 7 7 4 8 5 6 8 7 8
9 16 0 5 7 0 1 6 7 1 7 2 2 8 8 2 7 3 3 8 7 4 4 8 5 8 8 5 6 8 8 6 7 8
9 16 0 5 0 7 7 0 1 6 7 1 7 2 2 8 8 2 7 3 3 8 7 4 4 8 5 8 8 5 6 8 7 8
9 16 0 5 5 0 0 7 6 1 1 7 2 7 7 2 8 2 3 7 8 3 4 7 8 4 8 5 6 8 8 6 8 7
9 16 0 5 5 0 0 7 6 1 1 7 2 7 7 2 8 2 3 7 7 3 8 3 4 7 8 4 8 5 8 6 8 7
9 16 0 5 5 0 0 7 6 1 1 7 7 1 2 7 2 8 8 2 3 7 8 3 4 7 8 4 8 5 8 6 8 7
9 17 0 5 5 0 0 7 1 6 6 1 1 7 2 7 2 8 8 2 3 7 3 8 8 3 4 7 8 4 8 5 8 6 8 7
9 16 0 5 7 0 0 8 1 6 6 1 7 1 2 7 7 2 2 8 7 3 3 8 4 8 8 4 7 5 5 8 6 8
9 16 0 5 0 7 7 0 0 8 1 6 7 1 7 2 2 8 7 3 3 8 4 8 8 4 7 5 5 8 6 8 8 6
9 17 0 5 5 0 0 7 7 0 8 0 1 6 6 1 1 7 2 7 8 2 3 7 8 3 4 8 8 4 7 5 8 5 8 6
9 16 0 5 0 6 7 0 1 6 1 7 7 1 1 8 7 2 2 8 7 3 3 8 4 8 8 4 5 8 8 5 6 8
9 16 5 0 6 0 0 7 7 0 6 1 1 7 8 1 2 7 7 2 8 2 3 7 8 3 4 8 8 4 8 5 8 6
9 16 0 5 5 0 6 0 0 7 7 0 6 1 1 7 8 1 2 7 8 2 3 7 8 3 4 8 8 4 8 5 8 6
9 17 0 5 6 0 7 0 0 8 8 0 1 6 6 1 7 1 7 2 2 8 7 3 3 8 4 8 8 4 5 8 8 5 7 8
9 16 0 5 0 6 0 7 7 0 0 8 6 1 1 8 8 1 7 2 2 8 8 2 7 3 3 8 7 4 4 8 5 8
9 16 0 5 0 6 0 7 7 0 0 8 1 6 6 1 1 8 7 2 2 8 8 2 7 3 3 8 7 4 4 8 5 8
9 16 5 0 6 0 0 7 7 0 8 0 1 6 8 1 2 7 7 2 8 2 3 7 3 8 8 3 4 7 8 4 8 5
9 16 5 0 6 0 0 7 7 0 8 0 1 6 1 8 8 1 2 7 7 2 8 2 3 7 8 3 4 7 8 4 8 5
9 17 5 0 6 0 0 7 7 0 8 0 1 6 6 1 8 1 2 7 2 8 8 2 3 7 8 3 4 7 8 4 5 8 8 5
9 16 5 0 6 0 0 7 7 0 8 0 1 6 6 1 8 1 2 7 7 2 8 2 3 7 8 3 4 7 8 4 8 5
9 16 5 0 0 6 6 0 0 7 7 0 8 0 1 6 1 8 8 1 2 7 8 2 3 7 8 3 4 7 8 4 8 5
9 16 0 5 5 0 6 0 0 7 7 0 8 0 1 6 1 8 8 1 2 7 8 2 3 7 8 3 4 7 8 4 8 5
9 17 0 5 5 0 6 0 0 7 7 0 8 0 1 6 6 1 8 1 2 7 2 8 8 2 3 7 8 3 4 7 8 4 8 5
9 17 0 5 5 0 6 0 0 7 7 0 8 0 1 6 1 8 8 1 2 7 2 8 8 2 3 7 8 3 4 7 8 4 8 6
9 17 5 0 0 6 6 0 0 7 7 0 8 0 1 6 6 1 2 7 8 2 3 7 8 3 4 7 8 4 5 8 8 5 8 6
9 16 5 0 6 0 0 7 7 0 6 1 1 8 8 1 2 7 2 8 8 2 3 7 8 3 4 7 8 4 8 5 8 6
9 16 5 0 0 6 6 0 0 7 7 0 1 6 8 1 2 7 8 2 3 7 8 3 4 7 8 4 5 8 8 5 8 6
9 16 5 0 0 6 6 0 0 7 7 0 1 6 8 1 2 7 2 8 8 2 3 7 8 3 4 7 8 4 8 5 8 6
9 17 5 0 0 6 6 0 0 7 7 0 1 6 8 1 2 7 2 8 8 2 3 7 8 3 4 7 8 4 5 8 8 5 8 6
9 16 5 0 0 6 6 0 0 7 7 0 1 6 8 1 2 7 7 2 8 2 3 7 8 3 4 7 8 4 8 5 8 6
9 16 5 0 0 6 6 0 0 7 7 0 1 6 6 1 8 1 2 7 8 2 3 7 8 3 4 7 8 4 8 5 8 6
9 16 0 5 5 0 0 6 6 0 7 0 6 1 1 8 8 1 7 2 2 8 7 3 3 8 7 4 4 8 8 5 8 6
9 16 5 0 6 0 0 7 7 0 1 6 8 1 2 7 7 2 8 2 3 7 7 3 8 3 4 7 8 4 8 5 8 7
9 16 5 0 6 0 0 7 7 0 1 6 6 1 8 1 2 7 2 8 8 2 3 7 8 3 4 7 8 4 8 5 8 7
9 17 5 0 0 6 6 0 0 7 7 0 1 6 8 1 2 7 7 2 8 2 3 7 8 3 4 7 8 4 5 8 8 5 8 7
9 16 5 0 0 6 6 0 0 7 7 0 1 6 1 8 8 1 2 7 8 2 3 7 8 3 4 7 8 4 8 5 8 7
9 17 0 5 5 0 6 0 0 7 6 1 1 8 8 1 2 7 7 2 8 2 3 7 8 3 4 7 8 4 6 8 8 6 8 7
9 15 0 5 0 6 8 0 6 1 1 7 7 1 8 1 2 7 7 2 8 2 3 7 8 3 4 7 8 4 5 8
9 16 5 0 0 6 8 0 1 6 6 1 1 7 7 1 8 1 2 7 8 2 3 7 8 3 4 7 8 4 5 8 8 5
9 17 5 0 0 6 0 8 8 0 6 1 1 7 7 1 8 1 2 7 7 2 8 2 3 7 8 3 4 7 8 4 5 8 8 5
9 18 0 5 5 0 6 0 0 8 8 0 1 6 1 7 7 1 1 8 7 2 2 8 8 2 7 3 3 8 7 4 4 8 5 8 8 5
9 16 0 5 5 0 0 6 6 0 8 0 6 1 1 7 7 1 8 1 2 7 8 2 3 7 8 3 4 7 8 4 6 8
9 14 0 5 6 0 8 0 1 6 7 1 7 2 2 8 7 3 3 8 7 4 4 8 5 8 8 5 8 6
9 16 5 0 0 6 1 6 6 1 1 7 7 1 8 1 2 7 2 8 8 2 3 7 8 3 4 7 8 4 8 5 8 6
9 16 5 0 0 6 1 6 6 1 1 7 7 1 8 1 2 7 7 2 8 2 3 7 8 3 4 7 8 4 8 5 8 6
9 16 0 5 0 6 0 8 8 0 6 1 1 7 7 1 2 7 8 2 3 7 8 3 4 7 8 4 5 8 8 5 8 7
9 15 0 5 6 0 8 0 1 6 7 1 2 7 7 2 2 8 7 3 3 8 7 4 4 8 5 8 8 5 7 8
9 16 0 5 5 0 6 0 0 8 8 0 1 6 7 1 2 7 7 2 2 8 7 3 3 8 7 4 4 8 8 5 7 8
9 16 0 5 6 0 1 6 1 7 7 1 1 8 7 2 2 8 8 2 7 3 3 8 7 4 4 8 5 8 8 5 7 8
9 16 0 5 5 0 0 6 6 1 1 7 7 1 8 1 2 7 2 8 8 2 3 7 8 3 4 7 8 4 8 5 8 7
9 17 0 5 5 0 0 6 6 0 1 6 1 7 7 1 1 8 7 2 2 8 8 2 7 3 3 8 7 4 4 8 5 8 7 8
9 15 0 5 6 0 1 6 7 1 2 7 7 2 2 8 7 3 3 8 7 4 4 8 5 8 8 5 8 6 7 8
9 16 0 5 5 0 0 6 0 7 0 8 1 6 6 1 1 8 7 2 2 8 7 3 3 8 4 8 8 4 7 5 7 8
9 17 0 5 5 0 0 6 7 0 0 8 1 6 6 1 1 8 2 7 7 2 2 8 7 3 3 8 4 8 8 4 7 5 7 8
9 16 0 5 6 0 7 0 1 6 6 1 8 1 2 7 8 2 3 7 8 3 4 8 8 4 5 7 7 5 8 5 8 7
9 16 5 0 6 0 0 7 1 6 6 1 8 1 2 7 2 8 8 2 3 7 8 3 4 8 8 4 5 7 8 5 8 7
9 16 0 5 0 6 6 0 0 8 1 6 1 7 7 1 1 8 7 2 2 8 7 3 3 8 4 8 8 4 7 5 5 8
9 16 5 0 6 0 0 8 1 6 1 7 7 1 1 8 7 2 2 8 8 2 7 3 3 8 4 8 8 4 7 5 5 8
9 17 0 5 0 6 0 8 8 0 1 6 6 1 1 7 2 7 8 2 3 7 8 3 4 8 8 4 5 7 7 5 8 5 8 7
9 17 0 5 6 0 7 0 0 8 6 1 1 8 7 2 2 8 8 2 7 3 3 8 4 8 8 4 5 8 8 5 6 7 7 6
9 17 5 0 0 6 6 0 0 7 7 0 8 0 1 6 1 8 8 1 2 7 8 2 3 7 8 3 4 8 8 4 8 5 7 6
9 16 0 5 5 0 0 6 0 7 1 6 1 8 8 1 2 7 8 2 3 7 8 3 4 8 8 4 8 5 6 7 8 7
9 15 0 5 0 6 0 7 8 0 1 6 6 1 1 7 2 7 8 2 3 7 8 3 4 7 8 4 5 8 8 5
9 16 0 5 0 6 0 7 8 0 1 6 6 1 1 7 2 7 7 2 8 2 3 7 8 3 4 7 8 4 5 8 8 5
9 16 0 5 6 0 7 0 0 8 1 6 6 1 7 1 2 7 7 2 2 8 7 3 3 8 7 4 4 8 5 8 8 5
9 15 0 5 6 0 7 0 8 0 1 6 7 1 7 2 2 8 8 2 7 3 3 8 7 4 4 8 5 8 8 5
9 15 0 5 6 0 7 0 8 0 1 6 6 1 7 1 7 2 2 8 7 3 3 8 7 4 4 8 5 8 8 5
9 16 0 5 0 6 6 0 7 0 0 8 1 6 7 1 7 2 2 8 8 2 7 3 3 8 7 4 4 8 5 8 8 5
9 16 0 5 0 6 6 0 7 0 0 8 1 6 1 7 7 1 7 2 2 8 7 3 3 8 7 4 4 8 5 8 8 5
9 16 5 0 0 6 0 7 8 0 6 1 1 7 7 1 2 7 7 2 8 2 3 7 8 3 4 7 8 4 5 8 8 5
9 16 5 0 0 6 0 7 8 0 1 6 6 1 1 7 2 7 7 2 8 2 3 7 3 8 8 3 4 7 8 4 8 5
9 16 5 0 0 6 6 0 0 7 8 0 6 1 1 7 2 7 7 2 8 2 3 7 8 3 4 7 8 4 5 8 8 5
9 16 5 0 0 6 6 0 0 7 8 0 6 1 1 7 7 1 2 7 8 2 3 7 8 3 4 7 8 4 5 8 8 5
9 15 0 5 5 0 0 6 0 7 0 8 1 6 6 1 1 7 2 7 8 2 3 7 8 3 4 7 8 4 8 5
9 16 0 5 5 0 0 6 0 7 8 0 1 6 6 1 1 7 2 7 7 2 8 2 3 7 8 3 4 7 8 4 8 5
9 16 0 5 5 0 6 0 7 0 0 8 1 6 1 7 7 1 7 2 2 8 8 2 7 3 3 8 7 4 4 8 5 8
9 15 0 5 5 0 6 0 7 0 0 8 1 6 6 1 7 1 7 2 2 8 7 3 3 8 7 4 4 8 8 5
9 16 0 5 5 0 6 0 7 0 0 8 8 0 1 6 1 7 7 1 7 2 2 8 7 3 3 8 7 4 4 8 8 5
9 16 0 5 5 0 6 0 7 0 0 8 8 0 1 6 6 1 7 1 7 2 2 8 7 3 3 8 7 4 4 8 8 5
9 16 0 5 5 0 0 6 6 0 7 0 8 0 6 1 1 7 7 1 2 7 8 2 3 7 8 3 4 7 8 4 8 5
9 17 0 5 5 0 0 6 6 0 0 7 7 0 8 0 6 1 1 7 7 1 2 7 8 2 3 7 8 3 4 7 8 4 8 5
9 16 0 5 0 6 0 7 7 0 6 1 7 1 1 8 8 1 7 2 2 8 7 3 3 8 7 4 4 8 5 8 8 5
9 15 0 5 6 0 7 0 1 6 7 1 1 8 7 2 2 8 8 2 7 3 3 8 7 4 4 8 5 8 8 5
9 16 0 5 0 6 6 0 7 0 6 1 7 1 1 8 7 2 2 8 8 2 7 3 3 8 7 4 4 8 5 8 8 5
9 15 5 0 0 6 7 0 1 6 6 1 1 7 7 1 8 1 2 7 8 2 3 7 8 3 4 7 8 4 8 5
9 15 5 0 6 0 0 7 1 6 1 7 8 1 2 7 7 2 8 2 3 7 7 3 8 3 4 7 8 4 8 5
9 16 5 0 6 0 0 7 1 6 6 1 1 7 8 1 2 7 7 2 8 2 3 7 8 3 4 7 8 4 5 8 8 5
9 16 5 0 0 6 6 0 0 7 1 6 1 7 8 1 2 7 7 2 8 2 3 7 3 8 8 3 4 7 8 4 8 5
9 16 5 0 0 6 6 0 0 7 6 1 1 7 8 1 2 7 7 2 8 2 3 7 8 3 4 7 8 4 5 8 8 5
9 15 5 0 0 6 6 0 0 7 7 0 1 6 7 1 8 1 2 7 8 2 3 7 8 3 4 7 8 4 8 5
9 16 0 5 5 0 6 0 0 7 7 0 1 6 1 7 1 8 8 1 2 7 8 2 3 7 8 3 4 7 8 4 8 5
9 16 0 5 5 0 0 6 6 0 0 7 6 1 1 7 8 1 2 7 2 8 8 2 3 7 8 3 4 7 8 4 8 5
9 16 0 5 5 0 0 6 6 0 7 0 1 6 7 1 1 8 7 2 2 8 8 2 7 3 3 8 7 4 4 8 5 8
9 16 0 5 5 0 0 6 6 0 7 0 1 6 7 1 1 8 2 7 7 2 2 8 7 3 3 8 7 4 4 8 5 8
9 15 0 5 5 0 0 6 0 7 7 0 6 1 7 1 1 8 7 2 2 8 7 3 3 8 7 4 4 8 8 6
9 16 0 5 0 6 0 7 7 0 1 6 7 1 1 8 7 2 2 8 7 3 3 8 4 7 7 4 5 8 8 5 6 8
9 16 0 5 6 0 7 0 1 6 1 7 7 1 1 8 7 2 2 8 7 3 3 8 4 7 7 4 5 8 8 5 6 8
9 16 5 0 6 0 0 7 6 1 1 7 7 1 8 1 2 7 8 2 3 7 8 3 4 7 7 4 5 8 8 5 8 6
9 16 5 0 6 0 0 7 6 1 1 7 7 1 8 1 2 7 2 8 8 2 3 7 8 3 4 7 7 4 8 5 8 6
9 16 5 0 6 0 0 7 7 0 1 6 1 7 8 1 2 7 2 8 8 2 3 7 8 3 4 7 7 4 8 5 8 6
9 16 5 0 6 0 0 7 7 0 1 6 1 7 1 8 8 1 2 7 8 2 3 7 8 3 4 7 7 4 8 5 8 6
9 15 0 5 0 6 7 0 1 6 7 1 7 2 2 8 8 2 7 3 3 8 7 4 4 8 5 8 8 5 6 8
9 15 0 5 0 6 7 0 1 6 7 1 2 7 7 2 2 8 7 3 3 8 8 3 7 4 4 8 5 8 6 8
9 15 0 5 0 6 7 0 1 6 1 7 7 1 7 2 2 8 7 3 3 8 7 4 4 8 5 8 8 5 6 8
9 16 0 5 0 6 0 7 7 0 1 6 7 1 7 2 2 8 8 2 7 3 3 8 7 4 4 8 5 8 6 8 8 6
9 15 0 5 6 0 7 0 1 6 7 1 7 2 2 8 8 2 7 3 3 8 7 4 4 8 5 8 8 5 6 8
9 15 0 5 6 0 7 0 1 6 1 7 7 1 7 2 2 8 7 3 3 8 7 4 4 8 5 8 8 5 6 8
9 16 0 5 6 0 7 0 1 6 1 7 7 1 2 7 7 2 2 8 7 3 3 8 7 4 4 8 5 8 8 5 6 8
9 17 0 5 0 6 6 0 0 7 7 0 6 1 1 7 7 1 7 2 2 8 8 2 7 3 3 8 7 4 4 8 5 8 6 8
9 14 5 0 0 6 7 0 1 6 7 1 2 7 7 2 2 8 7 3 3 8 7 4 4 8 8 5 6 8
9 17 5 0 0 6 6 0 0 7 7 0 1 6 1 7 7 1 2 7 8 2 3 7 8 3 4 7 8 4 5 8 8 5 8 6
9 15 0 5 5 0 0 6 0 7 6 1 1 7 2 7 2 8 8 2 3 7 8 3 4 7 8 4 8 5 8 6
9 15 0 5 5 0 0 6 0 7 6 1 1 7 7 1 2 7 8 2 3 7 8 3 4 7 8 4 8 5 8 6
9 15 0 5 5 0 0 6 7 0 6 1 1 7 7 1 2 7 8 2 3 7 8 3 4 7 8 4 8 5 8 6
9 16 0 5 5 0 6 0 0 7 7 0 6 1 1 7 2 7 8 2 3 7 8 3 4 7 8 4 8 5 6 8 8 6
9 17 0 5 0 6 6 0 0 7 8 0 1 6 1 8 8 1 2 7 8 2 3 7 8 3 4 7 7 4 5 7 7 5 8 5
9 15 0 5 0 6 7 0 6 1 1 8 8 1 2 7 7 2 2 8 7 3 3 8 7 4 4 8 7 5 5 8
9 15 0 5 0 6 7 0 1 6 6 1 1 8 7 2 2 8 8 2 7 3 3 8 7 4 4 8 7 5 5 8
9 15 0 5 0 6 7 0 1 6 6 1 1 8 2 7 7 2 2 8 7 3 3 8 7 4 4 8 7 5 5 8
9 15 0 5 0 6 0 7 7 0 6 1 1 8 8 1 7 2 2 8 7 3 3 8 7 4 4 8 7 5 5 8
9 17 0 5 0 6 0 7 7 0 6 1 1 8 8 1 7 2 2 8 8 2 7 3 3 8 7 4 4 8 7 5 5 8 8 5
9 16 0 5 0 6 0 7 7 0 6 1 1 8 8 1 2 7 7 2 2 8 7 3 3 8 7 4 4 8 7 5 5 8
9 15 0 5 6 0 0 7 1 6 6 1 8 1 2 7 7 2 8 2 3 7 8 3 4 7 8 4 5 7 8 5
9 16 0 5 6 0 0 7 7 0 1 6 6 1 8 1 2 7 7 2 8 2 3 7 8 3 4 7 8 4 5 7 8 5
9 15 0 5 0 6 6 0 0 7 1 6 1 8 8 1 2 7 8 2 3 7 8 3 4 7 8 4 5 7 8 5
9 16 0 5 0 6 6 0 0 7 7 0 6 1 1 8 7 2 2 8 8 2 7 3 3 8 7 4 4 8 7 5 5 8
9 15 5 0 0 6 7 0 1 6 6 1 1 8 7 2 2 8 7 3 3 8 7 4 4 8 5 7 7 5 5 8
9 15 5 0 0 6 7 0 1 6 6 1 1 8 2 7 7 2 2 8 7 3 3 8 7 4 4 8 7 5 5 8
9 15 5 0 6 0 0 7 1 6 1 8 8 1 2 7 7 2 8 2 3 7 8 3 4 7 8 4 5 7 8 5
9 16 5 0 6 0 0 7 7 0 1 6 8 1 2 7 7 2 8 2 3 7 8 3 4 7 8 4 5 7 5 8 8 5
9 16 5 0 6 0 0 7 7 0 1 6 6 1 8 1 2 7 8 2 3 7 8 3 4 7 8 4 5 7 5 8 8 5
9 16 5 0 6 0 0 7 7 0 1 6 6 1 8 1 2 7 7 2 8 2 3 7 8 3 4 7 8 4 5 7 8 5
9 16 5 0 0 6 6 0 0 7 7 0 1 6 8 1 2 7 8 2 3 7 8 3 4 7 8 4 5 7 5 8 8 5
9 17 0 5 5 0 0 6 7 0 6 1 1 8 8 1 2 7 7 2 2 8 7 3 3 8 8 3 7 4 4 8 7 5 5 8
9 16 0 5 5 0 6 0 7 0 1 6 1 8 8 1 2 7 8 2 3 7 8 3 4 7 8 4 5 7 7 5 8 5
9 16 0 5 5 0 6 0 7 0 1 6 6 1 8 1 2 7 8 2 3 7 8 3 4 7 8 4 5 7 7 5 8 5
9 16 0 5 5 0 6 0 0 7 7 0 1 6 6 1 8 1 2 7 8 2 3 7 8 3 4 7 8 4 7 5 8 5
9 17 0 5 5 0 6 0 0 7 7 0 1 6 6 1 8 1 2 7 8 2 3 7 8 3 4 7 8 4 5 7 7 5 8 5
9 17 0 5 5 0 0 6 6 0 7 0 1 6 6 1 8 1 2 7 8 2 3 7 8 3 4 7 8 4 5 7 7 5 8 5
9 16 0 5 0 6 6 0 0 7 1 6 8 1 2 7 7 2 8 2 3 7 8 3 4 7 8 4 5 7 7 5 8 6
9 16 0 5 0 6 6 0 0 7 1 6 1 8 8 1 2 7 8 2 3 7 8 3 4 7 8 4 5 7 7 5 8 6
9 17 0 5 0 6 6 0 0 7 1 6 1 8 8 1 2 7 7 2 8 2 3 7 8 3 4 7 8 4 5 7 7 5 8 6
9 16 0 5 5 0 0 6 6 0 0 7 1 6 1 8 8 1 2 7 8 2 3 7 8 3 4 7 8 4 7 5 8 6
9 16 0 5 6 0 0 8 1 6 1 7 7 1 1 8 7 2 2 8 8 2 7 3 3 8 4 7 7 4 7 5 5 8
9 16 0 5 6 0 1 6 1 7 7 1 1 8 7 2 2 8 8 2 7 3 3 8 7 4 4 8 7 5 5 8 8 5
9 16 0 5 5 0 6 0 1 6 1 7 7 1 1 8 7 2 2 8 7 3 3 8 7 4 4 8 7 5 5 8 8 5
9 16 0 5 0 6 7 0 6 1 7 1 1 8 8 1 7 2 2 8 7 3 3 8 4 8 8 4 5 8 8 5 7 6
9 16 0 5 5 0 0 6 0 7 8 0 1 6 8 1 2 7 7 2 8 2 3 7 3 8 8 3 4 7 8 4 6 7
9 17 0 5 5 0 0 6 0 7 0 8 8 0 1 6 6 1 8 1 2 7 8 2 3 7 8 3 4 7 8 4 6 7 7 6
9 16 0 5 5 0 6 0 7 0 0 8 6 1 1 8 7 2 2 8 8 2 7 3 3 8 7 4 4 8 6 7 7 6
9 16 0 5 5 0 6 0 7 0 0 8 6 1 1 8 2 7 7 2 2 8 7 3 3 8 8 3 7 4 4 8 7 6
9 16 0 5 5 0 6 0 7 0 0 8 6 1 1 8 8 1 7 2 2 8 7 3 3 8 7 4 4 8 6 7 7 6
9 16 0 5 5 0 6 0 0 7 7 0 8 0 1 6 8 1 2 7 2 8 8 2 3 7 8 3 4 7 8 4 7 6
9 16 0 5 0 6 0 7 7 0 0 8 6 1 1 8 7 2 2 8 8 2 7 3 3 8 4 7 7 4 5 8 7 6
9 17 5 0 0 6 0 7 8 0 1 6 6 1 8 1 2 7 8 2 3 7 8 3 4 7 7 4 5 8 8 5 6 7 7 6
9 17 5 0 0 6 6 0 7 0 8 0 1 6 8 1 2 7 7 2 8 2 3 7 3 8 8 3 4 7 7 4 8 5 7 6
9 15 0 5 0 6 7 0 6 1 1 8 8 1 7 2 2 8 8 2 7 3 3 8 7 4 4 8 5 8 7 6
9 15 0 5 0 6 0 7 7 0 6 1 1 8 7 2 2 8 7 3 3 8 7 4 4 8 5 8 8 5 7 6
9 15 0 5 0 6 0 7 7 0 6 1 1 8 7 2 2 8 8 2 7 3 3 8 7 4 4 8 5 8 7 6
9 15 0 5 0 6 0 7 7 0 6 1 1 8 8 1 7 2 2 8 7 3 3 8 7 4 4 8 5 8 7 6
9 15 5 0 0 6 0 7 1 6 1 8 8 1 2 7 7 2 8 2 3 7 8 3 4 7 8 4 8 5 6 7
9 14 5 0 0 6 7 0 1 6 8 1 2 7 8 2 3 7 8 3 4 7 8 4 5 8 8 5 6 7
9 17 5 0 0 6 6 0 0 7 7 0 1 6 8 1 2 7 2 8 8 2 3 7 8 3 4 7 8 4 8 5 6 7 7 6
9 16 5 0 0 6 6 0 0 7 7 0 1 6 8 1 2 7 7 2 8 2 3 7 8 3 4 7 8 4 8 5 7 6
9 18 5 0 0 6 6 0 0 7 7 0 1 6 8 1 2 7 7 2 8 2 3 7 7 3 8 3 4 7 8 4 8 5 6 7 7 6
9 16 5 0 0 6 6 0 0 7 7 0 1 6 1 8 8 1 2 7 8 2 3 7 8 3 4 7 8 4 8 5 7 6
9 16 0 5 5 0 0 6 0 7 1 6 1 8 8 1 2 7 7 2 8 2 3 7 8 3 4 7 8 4 8 5 6 7
9 17 0 5 5 0 0 6 6 0 0 7 1 6 1 8 8 1 2 7 7 2 8 2 3 7 8 3 4 7 8 4 8 5 6 7
9 16 0 5 0 7 7 0 0 8 1 6 1 8 8 1 2 6 2 8 8 2 7 3 3 8 7 4 4 8 5 8 6 8
9 16 0 5 5 0 0 7 6 1 1 7 7 1 8 1 6 2 2 7 8 2 3 7 8 3 4 8 8 4 8 5 8 6
9 17 0 5 5 0 7 0 1 6 1 7 7 1 1 8 2 6 2 7 7 2 2 8 7 3 3 8 4 8 8 4 5 8 6 8
9 17 0 5 7 0 1 6 1 7 7 1 1 8 6 2 7 2 2 8 8 2 7 3 3 8 4 8 8 4 5 8 8 5 7 8
9 15 0 5 0 7 7 0 1 6 7 1 8 1 2 6 7 2 7 3 3 8 4 8 8 4 5 8 6 8 7 8
9 16 5 0 0 7 1 6 1 7 8 1 6 2 2 7 7 2 3 7 8 3 4 8 8 4 5 8 8 5 8 6 8 7
9 16 5 0 0 7 1 6 1 7 8 1 6 2 2 7 7 2 3 7 7 3 8 3 4 8 8 4 8 5 8 6 8 7
9 16 0 5 5 0 0 7 6 1 1 7 8 1 6 2 2 7 3 7 7 3 8 3 4 8 8 4 8 5 8 6 8 7
9 16 0 5 5 0 7 0 6 1 7 1 1 8 2 6 7 2 3 7 7 3 3 8 4 8 8 4 5 8 6 8 7 8
9 15 0 5 7 0 8 0 1 6 1 7 7 1 1 8 2 6 6 2 2 8 7 3 3 8 7 4 4 8 5 8
9 15 0 5 0 7 7 0 0 8 1 6 7 1 1 8 2 6 6 2 2 8 7 3 3 8 7 4 4 8 5 8
9 16 5 0 0 7 8 0 6 1 1 7 7 1 8 1 2 6 2 8 8 2 3 7 8 3 4 7 8 4 5 8 8 5
9 17 5 0 0 7 7 0 8 0 6 1 1 7 7 1 8 1 2 6 2 8 8 2 3 7 7 3 8 3 4 7 8 4 8 5
9 17 5 0 0 7 7 0 8 0 6 1 1 7 7 1 8 1 2 6 6 2 2 8 8 2 3 7 8 3 4 7 8 4 8 5
9 16 0 5 5 0 0 7 7 0 8 0 6 1 1 7 7 1 8 1 2 6 8 2 3 7 8 3 4 7 8 4 8 5
9 17 0 5 5 0 0 7 7 0 8 0 6 1 1 7 7 1 8 1 2 6 8 2 3 7 3 8 8 3 4 7 8 4 8 5
9 17 0 5 5 0 0 7 7 0 8 0 6 1 1 7 7 1 8 1 2 6 6 2 8 2 3 7 8 3 4 7 8 4 8 5
9 17 0 5 5 0 0 7 8 0 1 6 6 1 1 7 7 1 8 1 2 6 8 2 3 7 7 3 8 3 4 7 8 4 8 6
9 16 0 5 0 7 7 0 0 8 1 6 7 1 2 6 6 2 8 2 7 3 3 8 7 4 4 8 5 8 6 8 8 6
9 15 5 0 0 7 8 0 6 1 1 7 7 1 2 6 6 2 8 2 3 7 8 3 4 7 8 4 8 5 8 6
9 16 5 0 0 7 7 0 8 0 6 1 1 7 6 2 2 8 8 2 3 7 8 3 4 7 8 4 8 5 6 8 8 6
9 15 5 0 0 7 7 0 8 0 6 1 1 7 2 6 6 2 8 2 3 7 8 3 4 7 8 4 8 5 6 8
9 17 0 5 5 0 0 7 7 0 8 0 6 1 1 7 2 6 6 2 2 8 3 7 8 3 4 7 8 4 8 5 6 8 8 6
9 16 5 0 0 7 1 6 6 1 1 7 7 1 8 1 2 6 6 2 8 2 3 7 8 3 4 7 8 4 8 5 8 6
9 15 5 0 0 7 7 0 6 1 1 7 7 1 8 1 2 6 8 2 3 7 8 3 4 7 8 4 8 5 8 6
9 16 5 0 0 7 7 0 6 1 1 7 7 1 8 1 2 6 2 8 8 2 3 7 8 3 4 7 8 4 8 5 8 6
9 17 5 0 0 7 7 0 6 1 1 7 7 1 8 1 2 6 6 2 2 8 8 2 3 7 8 3 4 7 8 4 8 5 6 8
9 16 5 0 0 7 7 0 1 6 6 1 1 7 7 1 8 1 2 6 8 2 3 7 8 3 4 7 8 4 8 5 8 6
9 15 0 5 5 0 0 7 1 6 1 7 8 1 2 6 2 8 8 2 3 7 8 3 4 7 8 4 8 5 6 8
9 16 0 5 5 0 0 7 1 6 6 1 1 7 7 1 8 1 2 6 8 2 3 7 8 3 4 7 8 4 8 5 8 6
9 16 0 5 5 0 7 0 1 6 1 7 7 1 1 8 6 2 2 8 8 2 7 3 3 8 7 4 4 8 5 8 6 8
9 17 0 5 5 0 7 0 0 8 8 0 1 6 1 7 7 1 1 8 2 6 6 2 2 8 7 3 3 8 7 4 4 8 7 8
9 17 0 5 5 0 0 7 7 0 8 0 6 1 1 7 7 1 8 1 2 6 8 2 3 7 8 3 4 7 7 4 8 5 8 7
9 15 0 5 7 0 0 8 1 6 1 7 7 1 2 6 6 2 2 8 7 3 3 8 7 4 4 8 5 8 7 8
9 15 0 5 7 0 8 0 1 6 1 7 7 1 6 2 2 8 7 3 3 8 7 4 4 8 5 8 8 5 7 8
9 16 0 5 0 7 7 0 0 8 1 6 6 1 7 1 6 2 2 8 7 3 3 8 8 3 7 4 4 8 5 8 7 8
9 16 0 5 0 7 7 0 0 8 1 6 6 1 7 1 6 2 2 8 8 2 7 3 3 8 7 4 4 8 5 8 7 8
9 17 0 5 0 7 7 0 0 8 1 6 6 1 7 1 2 6 6 2 2 8 7 3 3 8 8 3 7 4 4 8 5 8 7 8
9 15 5 0 0 7 8 0 1 6 6 1 1 7 2 6 8 2 3 7 7 3 8 3 4 7 8 4 8 5 8 7
9 15 5 0 7 0 0 8 1 6 1 7 7 1 2 6 6 2 2 8 7 3 3 8 7 4 4 8 8 5 7 8
9 17 5 0 0 7 7 0 8 0 6 1 1 7 2 6 6 2 2 8 8 2 3 7 7 3 8 3 4 7 8 4 8 5 8 7
9 16 5 0 0 7 7 0 8 0 6 1 1 7 7 1 2 6 2 8 8 2 3 7 8 3 4 7 8 4 8 5 8 7
9 16 5 0 0 7 7 0 8 0 6 1 1 7 7 1 2 6 6 2 8 2 3 7 8 3 4 7 8 4 8 5 8 7
9 16 5 0 0 7 7 0 8 0 1 6 6 1 1 7 2 6 8 2 3 7 8 3 4 7 8 4 5 8 8 5 8 7
9 16 5 0 0 7 7 0 8 0 1 6 6 1 1 7 2 6 8 2 3 7 7 3 8 3 4 7 8 4 8 5 8 7
9 17 5 0 0 7 7 0 8 0 1 6 6 1 1 7 2 6 6 2 8 2 3 7 3 8 8 3 4 7 8 4 8 5 8 7
9 16 0 5 5 0 7 0 0 8 8 0 1 6 1 7 7 1 6 2 2 8 7 3 3 8 7 4 4 8 8 5 7 8
9 15 0 5 7 0 1 6 7 1 1 8 2 6 6 2 2 8 3 7 7 3 3 8 7 4 4 8 5 8 7 8
9 16 0 5 7 0 1 6 6 1 7 1 1 8 8 1 2 6 8 2 7 3 3 8 7 4 4 8 5 8 8 5 7 8
9 16 5 0 0 7 6 1 1 7 7 1 8 1 2 6 8 2 3 7 7 3 8 3 4 7 8 4 5 8 8 5 8 7
9 16 5 0 0 7 6 1 1 7 7 1 8 1 2 6 6 2 8 2 3 7 8 3 4 7 8 4 5 8 8 5 8 7
9 17 5 0 0 7 1 6 6 1 1 7 7 1 8 1 2 6 8 2 3 7 3 8 8 3 4 7 8 4 5 8 8 5 8 7
9 16 5 0 0 7 1 6 6 1 1 7 7 1 8 1 2 6 8 2 3 7 7 3 8 3 4 7 8 4 8 5 8 7
9 16 5 0 0 7 7 0 6 1 1 7 7 1 8 1 2 6 6 2 8 2 3 7 8 3 4 7 8 4 8 5 8 7
9 16 5 0 0 7 7 0 1 6 6 1 1 7 7 1 8 1 2 6 8 2 3 7 8 3 4 7 8 4 8 5 8 7
9 16 0 5 5 0 0 7 6 1 1 7 7 1 8 1 2 6 8 2 3 7 3 8 8 3 4 7 8 4 8 5 8 7
9 16 0 5 5 0 0 7 6 1 1 7 7 1 8 1 2 6 2 8 8 2 3 7 8 3 4 7 8 4 8 5 8 7
9 16 0 5 5 0 0 7 6 1 1 7 7 1 8 1 2 6 6 2 8 2 3 7 8 3 4 7 8 4 8 5 8 7
9 17 0 5 5 0 0 7 6 1 1 7 7 1 8 1 2 6 6 2 8 2 3 7 8 3 4 7 8 4 5 8 8 5 8 7
9 16 0 5 5 0 7 0 1 6 7 1 1 8 2 6 6 2 2 8 7 3 3 8 8 3 7 4 4 8 5 8 7 8
9 17 0 5 5 0 7 0 1 6 1 7 7 1 1 8 6 2 2 8 8 2 7 3 3 8 8 3 7 4 4 8 5 8 7 8
9 16 0 5 5 0 7 0 1 6 1 7 7 1 1 8 2 6 6 2 2 8 7 3 3 8 7 4 4 8 5 8 7 8
9 16 0 5 5 0 0 7 7 0 8 0 6 1 1 7 7 1 2 6 8 2 3 7 8 3 4 7 8 4 8 6 8 7
9 17 5 0 0 7 1 6 6 1 1 7 7 1 8 1 2 6 6 2 3 7 8 3 4 7 8 4 5 8 8 5 8 6 8 7
9 16 0 5 7 0 1 6 7 1 2 6 6 2 8 2 7 3 3 8 7 4 4 8 5 8 8 5 6 8 8 6 7 8
9 17 0 5 7 0 1 6 6 1 1 7 7 1 6 2 2 8 7 3 3 8 8 3 7 4 4 8 5 8 8 5 6 8 7 8
9 15 0 5 0 7 7 0 1 6 7 1 6 2 2 8 8 2 7 3 3 8 7 4 4 8 5 8 8 6 7 8
9 17 0 5 0 7 7 0 1 6 7 1 2 6 6 2 2 8 7 3 3 8 8 3 7 4 4 8 5 8 6 8 8 6 7 8
9 16 5 0 0 7 6 1 1 7 7 1 6 2 2 8 8 2 3 7 8 3 4 7 8 4 8 5 6 8 8 6 8 7
9 17 5 0 0 7 1 6 6 1 1 7 7 1 2 6 8 2 3 7 7 3 8 3 4 7 4 8 8 4 8 5 8 6 8 7
9 15 5 0 0 7 7 0 6 1 1 7 2 6 6 2 8 2 3 7 8 3 4 7 8 4 8 5 6 8 8 7
9 16 5 0 0 7 7 0 6 1 1 7 7 1 6 2 2 8 3 7 8 3 4 7 8 4 8 5 6 8 8 6 8 7
9 16 5 0 0 7 7 0 6 1 1 7 7 1 6 2 2 8 8 2 3 7 8 3 4 7 8 4 8 5 8 6 8 7
9 16 5 0 0 7 7 0 1 6 6 1 1 7 2 6 6 2 2 8 3 7 8 3 4 7 8 4 8 5 8 6 8 7
9 17 5 0 0 7 7 0 1 6 6 1 1 7 7 1 2 6 6 2 8 2 3 7 8 3 4 7 8 4 8 5 8 6 8 7
9 15 0 5 5 0 0 7 6 1 1 7 2 6 6 2 8 2 3 7 8 3 4 7 8 4 8 5 6 8 8 7
9 17 0 5 5 0 0 7 6 1 1 7 7 1 2 6 2 8 8 2 3 7 8 3 4 7 8 4 8 5 6 8 8 6 8 7
9 15 0 5 5 0 7 0 1 6 1 7 7 1 6 2 2 8 7 3 3 8 7 4 4 8 5 8 6 8 7 8
9 16 0 5 5 0 7 0 1 6 6 1 7 1 2 6 6 2 2 8 7 3 3 8 7 4 4 8 5 8 6 8 7 8
9 15 0 5 8 0 1 6 7 1 1 8 2 6 2 7 7 2 7 3 3 8 7 4 4 8 5 8 8 5 6 8
9 16 0 5 7 0 0 8 1 6 1 7 7 1 1 8 6 2 2 8 7 3 3 8 8 3 4 8 8 4 7 5 5 8
9 17 0 5 0 7 8 0 1 6 6 1 1 7 7 1 2 6 8 2 3 7 7 3 8 3 4 8 8 4 5 7 8 5 8 6
9 15 0 5 0 7 8 0 1 6 6 1 8 1 6 2 2 8 8 2 3 7 8 3 4 7 8 4 5 7 8 5
9 17 5 0 0 7 7 0 1 6 1 7 1 8 8 1 2 6 8 2 3 7 8 3 4 8 8 4 8 5 6 7 7 6 8 6
9 17 0 5 7 0 6 1 7 1 1 8 8 1 6 2 2 8 7 3 3 8 4 8 8 4 5 8 8 5 6 7 7 6 7 8
9 16 5 0 0 7 1 6 7 1 8 1 2 6 8 2 3 7 8 3 4 8 8 4 5 8 8 5 6 7 7 6 8 7
9 15 5 0 0 7 6 1 1 7 8 1 2 6 8 2 3 7 8 3 4 8 8 4 5 8 8 5 7 6 8 7
9 16 0 5 5 0 0 7 1 6 1 7 8 1 2 6 8 2 3 7 3 8 8 3 4 8 8 4 8 5 6 7 8 7
9 17 0 5 5 0 0 7 6 1 1 7 7 1 2 6 2 8 8 2 3 7 8 3 4 8 8 4 8 5 6 7 8 6 8 7
9 17 0 5 5 0 7 0 1 6 1 7 7 1 2 6 6 2 2 8 7 3 3 8 4 8 8 4 5 8 7 6 6 8 7 8
9 16 0 5 7 0 8 0 6 1 1 8 6 2 2 8 7 3 3 8 8 3 7 4 4 8 5 8 8 5 6 7 7 6
9 17 0 5 0 7 7 0 0 8 6 1 1 8 8 1 6 2 2 8 8 2 7 3 3 8 7 4 4 8 5 8 6 7 7 6
9 16 5 0 0 7 7 0 8 0 1 6 8 1 2 6 8 2 3 7 8 3 4 7 8 4 5 8 8 5 6 7 7 6
9 16 5 0 0 7 7 0 8 0 1 6 8 1 2 6 8 2 3 7 3 8 8 3 4 7 8 4 8 5 6 7 7 6
9 17 5 0 0 7 7 0 8 0 1 6 1 8 8 1 2 6 8 2 3 7 7 3 8 3 4 7 8 4 8 5 6 7 7 6
9 16 5 0 0 7 7 0 8 0 1 6 6 1 8 1 2 6 8 2 3 7 8 3 4 7 8 4 8 5 6 7 7 6
9 17 5 0 0 7 7 0 8 0 1 6 6 1 8 1 2 6 2 8 8 2 3 7 8 3 4 7 8 4 8 5 6 7 7 6
9 17 0 5 5 0 0 7 0 8 8 0 1 6 8 1 2 6 8 2 3 7 7 3 8 3 4 7 8 4 5 8 6 7 7 6
9 16 0 5 7 0 6 1 1 8 8 1 6 2 2 8 8 2 7 3 3 8 7 4 4 8 5 8 6 7 7 6 6 8
9 17 0 5 0 7 7 0 1 6 6 1 1 8 8 1 2 6 6 2 8 2 7 3 3 8 7 4 4 8 5 8 7 6 8 6
9 16 5 0 0 7 1 6 1 8 8 1 2 6 8 2 3 7 7 3 8 3 4 7 8 4 8 5 6 7 7 6 8 6
9 17 5 0 0 7 1 6 1 8 8 1 2 6 8 2 3 7 7 3 8 3 4 7 7 4 8 4 8 5 6 7 7 6 8 6
9 16 5 0 0 7 1 6 6 1 8 1 2 6 8 2 3 7 8 3 4 7 8 4 5 8 8 5 6 7 7 6 8 6
9 16 5 0 0 7 1 6 6 1 8 1 2 6 8 2 3 7 7 3 8 3 4 7 8 4 8 5 6 7 7 6 8 6
9 16 5 0 0 7 7 0 1 6 8 1 2 6 8 2 3 7 3 8 8 3 4 7 8 4 8 5 6 7 7 6 8 6
9 17 0 5 5 0 0 7 0 8 8 0 1 6 6 1 8 1 2 6 8 2 3 7 8 3 4 7 8 4 6 7 7 6 8 7
9 17 5 0 0 7 7 0 8 0 1 6 6 1 8 1 2 6 6 2 3 7 8 3 4 7 8 4 5 8 8 5 6 7 8 7
9 16 0 5 7 0 6 1 1 8 6 2 2 8 7 3 3 8 8 3 7 4 4 8 5 8 8 5 6 7 7 6 7 8
9 16 0 5 7 0 6 1 1 8 8 1 6 2 2 8 7 3 3 8 7 4 4 8 5 8 8 5 6 7 7 6 7 8
9 16 0 5 7 0 6 1 1 8 8 1 6 2 2 8 7 3 3 8 8 3 7 4 4 8 5 8 6 7 7 6 7 8
9 16 0 5 7 0 6 1 1 8 8 1 6 2 2 8 8 2 7 3 3 8 7 4 4 8 5 8 6 7 7 6 7 8
9 17 0 5 7 0 1 6 6 1 1 8 6 2 2 8 8 2 7 3 3 8 7 4 4 8 5 8 8 5 6 7 7 6 7 8
9 16 5 0 0 7 1 6 8 1 2 6 8 2 3 7 7 3 8 3 4 7 8 4 5 8 8 5 6 7 7 6 8 7
9 16 5 0 0 7 1 6 6 1 8 1 2 6 8 2 3 7 8 3 4 7 8 4 5 8 8 5 6 7 7 6 8 7
9 16 5 0 0 7 1 6 6 1 8 1 2 6 8 2 3 7 3 8 8 3 4 7 8 4 8 5 6 7 7 6 8 7
9 16 5 0 0 7 7 0 1 6 8 1 2 6 8 2 3 7 8 3 4 7 8 4 5 8 8 5 6 7 7 6 8 7
9 16 5 0 0 7 7 0 1 6 1 8 8 1 2 6 8 2 3 7 8 3 4 7 8 4 8 5 6 7 7 6 8 7
9 16 5 0 0 7 7 0 1 6 6 1 8 1 2 6 8 2 3 7 8 3 4 7 8 4 8 5 6 7 7 6 8 7
9 16 0 5 5 0 0 7 1 6 1 8 8 1 2 6 8 2 3 7 8 3 4 7 8 4 8 5 6 7 7 6 8 7
9 16 0 5 5 0 7 0 6 1 1 8 6 2 2 8 7 3 3 8 8 3 7 4 4 8 5 8 6 7 7 6 7 8
9 17 0 5 5 0 0 7 1 6 1 8 8 1 2 6 8 2 3 7 8 3 4 7 7 4 8 5 6 7 7 6 8 6 8 7
9 17 5 0 0 7 1 6 8 1 2 6 6 2 3 7 7 3 8 3 4 7 8 4 5 8 8 5 6 7 7 6 8 6 8 7
9 15 0 5 8 0 6 1 1 7 7 1 2 6 8 2 3 7 8 3 4 7 8 4 5 8 8 5 7 6 8 6
9 16 0 5 5 0 0 8 6 1 1 7 7 1 2 6 2 8 8 2 3 7 8 3 4 7 8 4 8 5 6 7 8 6
9 17 0 5 0 7 0 8 8 0 1 6 8 1 2 6 8 2 3 7 8 3 4 8 8 4 5 7 7 5 8 5 6 7 7 6
9 15 0 5 7 0 8 0 6 1 1 8 6 2 2 8 7 3 3 8 4 8 8 4 7 5 5 8 6 7 7 6
9 17 0 5 0 7 0 8 8 0 1 6 8 1 2 6 8 2 3 7 7 3 8 3 4 8 8 4 5 7 6 7 7 6 8 7
9 17 5 0 7 0 0 8 8 0 6 1 1 8 8 1 6 2 2 8 7 3 3 8 4 8 8 4 7 5 6 7 7 6 7 8
9 17 0 5 5 0 0 7 7 0 8 0 1 6 1 7 1 8 8 1 6 2 2 7 7 2 8 2 3 7 8 3 4 7 8 4
9 16 0 5 7 0 0 8 6 1 7 1 1 8 8 1 2 6 6 2 7 2 7 3 3 8 7 4 4 8 5 8 8 5
9 15 0 5 7 0 8 0 6 1 7 1 1 8 8 1 2 6 7 2 7 3 3 8 7 4 4 8 5 8 8 5
9 16 0 5 0 7 7 0 0 8 1 6 6 1 7 1 1 8 8 1 2 6 7 2 7 3 3 8 7 4 4 8 5 8
9 15 5 0 0 7 8 0 1 6 1 7 1 8 8 1 6 2 2 7 7 2 3 7 8 3 4 7 8 4 8 5
9 17 5 0 0 7 8 0 1 6 1 7 1 8 8 1 2 6 6 2 2 7 3 7 3 8 8 3 4 7 8 4 5 8 8 5
9 16 5 0 0 7 7 0 8 0 1 6 1 7 1 8 8 1 2 6 6 2 2 7 3 7 8 3 4 7 8 4 8 5
9 17 5 0 0 7 7 0 8 0 1 6 6 1 1 7 7 1 8 1 6 2 2 7 7 2 3 7 8 3 4 7 8 4 8 5
9 16 0 5 7 0 1 6 6 1 7 1 1 8 8 1 2 6 7 2 2 8 7 3 3 8 7 4 4 8 5 8 8 5
9 15 0 5 7 0 1 6 6 1 7 1 1 8 8 1 2 6 7 2 8 2 7 3 3 8 7 4 4 8 5 8
9 16 0 5 7 0 1 6 6 1 7 1 1 8 8 1 2 6 2 7 7 2 2 8 7 3 3 8 7 4 4 8 5 8
9 16 0 5 5 0 0 7 1 6 6 1 1 7 8 1 2 6 2 7 8 2 3 7 3 8 8 3 4 7 8 4 8 5
9 16 0 5 5 0 0 7 1 6 6 1 1 7 8 1 6 2 2 7 8 2 3 7 3 8 8 3 4 7 8 4 8 5
9 16 5 0 0 7 7 0 8 0 6 1 1 7 8 1 6 2 2 7 7 2 3 7 8 3 4 7 7 4 8 5 8 6
9 16 0 5 0 7 8 0 6 1 1 7 7 1 8 1 2 6 2 8 8 2 3 7 8 3 4 7 7 4 5 7 8 5
9 16 0 5 7 0 0 8 1 6 1 7 7 1 1 8 2 6 6 2 2 8 7 3 3 8 4 7 7 4 7 5 5 8
9 15 0 5 0 7 8 0 6 1 1 7 2 6 2 8 8 2 3 7 7 3 8 3 4 7 8 4 5 7 8 5
9 15 0 5 0 7 8 0 6 1 1 7 2 6 6 2 8 2 3 7 3 8 8 3 4 7 8 4 5 7 8 5
9 15 0 5 0 7 8 0 6 1 1 7 7 1 2 6 8 2 3 7 3 8 8 3 4 7 8 4 5 7 8 5
9 15 0 5 0 7 8 0 6 1 1 7 7 1 2 6 8 2 3 7 7 3 8 3 4 7 8 4 5 7 8 5
9 16 0 5 0 7 8 0 6 1 1 7 7 1 2 6 2 8 8 2 3 7 3 8 8 3 4 7 8 4 5 7 8 5
9 15 0 5 0 7 8 0 1 6 6 1 1 7 2 6 8 2 3 7 7 3 8 3 4 7 8 4 5 7 8 5
9 16 0 5 0 7 8 0 1 6 6 1 1 7 2 6 8 2 3 7 7 3 8 3 4 7 7 4 8 4 5 7 8 5
9 15 0 5 0 7 8 0 1 6 6 1 1 7 2 6 2 8 8 2 3 7 8 3 4 7 8 4 5 7 8 5
9 16 0 5 0 7 8 0 1 6 6 1 1 7 2 6 6 2 8 2 3 7 7 3 8 3 4 7 8 4 5 7 8 5
9 15 0 5 7 0 8 0 1 6 6 1 1 7 2 6 8 2 3 7 8 3 4 7 8 4 5 7 7 5 8 5
9 15 0 5 0 7 7 0 0 8 1 6 7 1 6 2 2 8 8 2 7 3 3 8 7 4 4 8 7 5 5 8
9 16 0 5 0 7 7 0 0 8 1 6 7 1 6 2 2 8 8 2 7 3 3 8 7 4 4 8 7 5 5 8 8 5
9 16 0 5 0 7 7 0 0 8 1 6 7 1 2 6 6 2 2 8 8 2 7 3 3 8 7 4 4 8 7 5 5 8
9 16 0 5 0 7 7 0 0 8 1 6 1 7 7 1 2 6 6 2 2 8 7 3 3 8 7 4 4 8 7 5 5 8
9 16 0 5 0 7 7 0 0 8 1 6 6 1 7 1 6 2 2 8 7 3 3 8 7 4 4 8 7 5 5 8 8 5
9 17 0 5 5 0 0 7 8 0 6 1 1 7 7 1 2 6 6 2 8 2 3 7 3 8 8 3 4 7 8 4 5 7 8 5
9 17 0 5 5 0 0 7 7 0 8 0 6 1 1 7 7 1 2 6 8 2 3 7 8 3 4 7 8 4 5 7 7 5 8 5
9 17 0 5 5 0 0 7 7 0 8 0 6 1 1 7 7 1 2 6 2 8 8 2 3 7 8 3 4 7 8 4 7 5 8 5
9 16 0 5 7 0 6 1 7 1 1 8 8 1 6 2 7 2 2 8 7 3 3 8 4 8 8 4 5 8 8 5 7 6
9 16 0 5 5 0 7 0 6 1 7 1 1 8 8 1 6 2 7 2 2 8 7 3 3 8 4 8 8 4 5 8 7 6
9 16 0 5 5 0 0 7 8 0 6 1 1 7 8 1 2 6 2 8 8 2 3 7 7 3 8 3 4 7 8 4 6 7
9 17 0 5 5 0 0 7 8 0 1 6 6 1 7 1 8 1 2 6 2 8 8 2 3 7 8 3 4 7 8 4 6 7 7 6
9 16 0 5 5 0 7 0 0 8 6 1 7 1 1 8 6 2 2 8 8 2 3 7 7 3 3 8 7 4 4 8 7 6
9 16 0 5 5 0 7 0 0 8 8 0 6 1 7 1 1 8 6 2 2 8 8 2 7 3 3 8 7 4 4 8 7 6
9 16 5 0 0 7 7 0 8 0 1 6 1 7 8 1 2 6 8 2 3 7 3 8 8 3 4 7 7 4 8 5 6 7
9 16 5 0 0 7 7 0 8 0 6 1 1 7 8 1 2 6 2 8 8 2 3 7 8 3 4 7 7 4 8 5 6 7
9 16 0 5 5 0 0 7 7 0 8 0 1 6 1 7 8 1 2 6 8 2 3 7 8 3 4 7 7 4 8 5 6 7
9 17 0 5 0 7 7 0 0 8 1 6 7 1 2 6 6 2 2 8 8 2 7 3 3 8 8 3 7 4 4 8 5 8 7 6
9 17 0 5 0 7 7 0 0 8 1 6 1 7 7 1 2 6 6 2 2 8 7 3 3 8 8 3 7 4 4 8 5 8 7 6
9 16 5 0 0 7 7 0 8 0 1 6 6 1 7 1 2 6 8 2 3 7 8 3 4 7 8 4 8 5 6 7 7 6
9 17 0 5 5 0 0 7 7 0 8 0 6 1 1 7 2 6 6 2 2 8 8 2 3 7 8 3 4 7 8 4 8 5 6 7
9 15 0 5 7 0 1 6 7 1 1 8 6 2 2 8 7 3 3 8 8 3 7 4 4 8 5 8 8 5 7 6
9 16 0 5 7 0 1 6 1 7 7 1 1 8 6 2 2 8 8 2 7 3 3 8 7 4 4 8 5 8 8 5 7 6
9 16 0 5 7 0 6 1 7 1 1 8 6 2 2 8 7 3 3 8 8 3 7 4 4 8 5 8 8 5 6 7 7 6
9 15 0 5 7 0 6 1 7 1 1 8 6 2 2 8 8 2 7 3 3 8 7 4 4 8 5 8 6 7 7 6
9 15 0 5 7 0 6 1 7 1 1 8 6 2 2 8 8 2 7 3 3 8 7 4 4 8 5 8 8 5 7 6
9 16 0 5 7 0 6 1 7 1 1 8 6 2 2 8 8 2 3 7 7 3 3 8 7 4 4 8 5 8 8 5 7 6
9 15 0 5 0 7 7 0 6 1 7 1 1 8 6 2 2 8 7 3 3 8 7 4 4 8 5 8 8 5 7 6
9 15 0 5 0 7 7 0 6 1 7 1 1 8 6 2 2 8 7 3 3 8 8 3 7 4 4 8 5 8 7 6
9 16 0 5 0 7 7 0 6 1 7 1 1 8 6 2 2 8 7 3 3 8 8 3 7 4 4 8 5 8 6 7 7 6
9 15 0 5 0 7 7 0 6 1 7 1 1 8 6 2 2 8 8 2 7 3 3 8 7 4 4 8 5 8 7 6
9 17 0 5 0 7 7 0 1 6 6 1 7 1 1 8 8 1 2 6 6 2 8 2 7 3 3 8 7 4 4 8 5 8 7 6
9 15 5 0 0 7 1 6 1 7 8 1 2 6 8 2 3 7 7 3 8 3 4 7 4 8 8 4 8 5 6 7
9 15 5 0 0 7 1 6 1 7 8 1 2 6 2 8 8 2 3 7 7 3 8 3 4 7 8 4 8 5 6 7
9 16 5 0 0 7 1 6 1 7 8 1 2 6 6 2 8 2 3 7 8 3 4 7 8 4 5 8 8 5 6 7 7 6
9 14 5 0 0 7 1 6 7 1 8 1 2 6 8 2 3 7 8 3 4 7 8 4 5 8 8 5 6 7
9 15 5 0 0 7 1 6 7 1 8 1 2 6 2 8 8 2 3 7 8 3 4 7 8 4 8 5 6 7 7 6
9 15 5 0 0 7 6 1 1 7 8 1 2 6 8 2 3 7 7 3 8 3 4 7 8 4 5 8 8 5 6 7
9 15 5 0 0 7 6 1 1 7 8 1 2 6 8 2 3 7 7 3 8 3 4 7 4 8 8 4 8 5 6 7
9 15 5 0 0 7 6 1 1 7 8 1 2 6 2 8 8 2 3 7 7 3 8 3 4 7 8 4 8 5 6 7
9 15 5 0 0 7 6 1 1 7 8 1 2 6 6 2 8 2 3 7 8 3 4 7 8 4 5 8 8 5 6 7
9 16 5 0 0 7 6 1 1 7 8 1 2 6 6 2 8 2 3 7 3 8 8 3 4 7 8 4 5 8 8 5 6 7
9 16 5 0 0 7 1 6 6 1 1 7 7 1 8 1 2 6 8 2 3 7 8 3 4 7 8 4 5 8 8 5 7 6
9 17 5 0 0 7 1 6 6 1 1 7 7 1 8 1 2 6 8 2 3 7 8 3 4 7 8 4 5 8 8 5 6 7 7 6
9 16 5 0 0 7 1 6 6 1 1 7 7 1 8 1 2 6 8 2 3 7 3 8 8 3 4 7 8 4 8 5 7 6
9 16 5 0 0 7 1 6 6 1 1 7 7 1 8 1 2 6 2 8 8 2 3 7 8 3 4 7 8 4 8 5 7 6
9 15 5 0 0 7 7 0 1 6 1 7 8 1 2 6 8 2 3 7 7 3 8 3 4 7 8 4 8 5 6 7
9 16 5 0 0 7 7 0 1 6 1 7 8 1 2 6 6 2 8 2 3 7 3 8 8 3 4 7 8 4 8 5 6 7
9 16 5 0 0 7 7 0 1 6 1 7 1 8 8 1 2 6 2 8 8 2 3 7 8 3 4 7 8 4 8 5 6 7
9 15 5 0 0 7 7 0 1 6 7 1 8 1 2 6 8 2 3 7 8 3 4 7 8 4 8 5 6 7 7 6
9 16 5 0 0 7 7 0 6 1 1 7 8 1 2 6 8 2 3 7 7 3 8 3 4 7 7 4 8 4 8 5 6 7
9 15 5 0 0 7 7 0 6 1 1 7 8 1 2 6 2 8 8 2 3 7 8 3 4 7 8 4 8 5 6 7
9 15 0 5 5 0 0 7 1 6 1 7 8 1 2 6 8 2 3 7 7 3 8 3 4 7 8 4 8 5 6 7
9 15 0 5 5 0 0 7 1 6 1 7 8 1 2 6 2 8 8 2 3 7 8 3 4 7 8 4 8 5 6 7
9 14 0 5 5 0 0 7 1 6 7 1 8 1 2 6 8 2 3 7 8 3 4 7 8 4 8 5 6 7
9 15 0 5 5 0 0 7 6 1 1 7 8 1 2 6 8 2 3 7 3 8 8 3 4 7 8 4 8 5 6 7
9 15 0 5 5 0 0 7 6 1 1 7 8 1 2 6 8 2 3 7 7 3 8 3 4 7 8 4 8 5 6 7
9 15 0 5 5 0 0 7 6 1 1 7 8 1 2 6 2 8 8 2 3 7 8 3 4 7 8 4 8 5 6 7
9 17 0 5 5 0 0 7 6 1 1 7 8 1 2 6 2 8 8 2 3 7 7 3 8 3 4 7 4 8 8 4 8 5 6 7
9 16 0 5 5 0 0 7 6 1 1 7 7 1 8 1 2 6 2 8 8 2 3 7 8 3 4 7 8 4 8 5 7 6
9 17 0 5 5 0 0 7 1 6 6 1 7 1 8 1 2 6 8 2 3 7 8 3 4 7 8 4 5 8 8 5 6 7 7 6
9 15 0 5 5 0 7 0 1 6 7 1 1 8 6 2 2 8 7 3 3 8 8 3 7 4 4 8 5 8 7 6
9 15 0 5 5 0 7 0 1 6 1 7 7 1 1 8 6 2 2 8 7 3 3 8 7 4 4 8 5 8 7 6
9 16 0 5 5 0 7 0 1 6 1 7 7 1 1 8 6 2 2 8 7 3 3 8 7 4 4 8 5 8 8 5 7 6
9 15 0 5 5 0 7 0 6 1 1 7 1 8 6 2 2 8 7 3 3 8 8 3 7 4 4 8 5 8 7 6
9 15 0 5 5 0 7 0 6 1 7 1 1 8 6 2 2 8 3 7 7 3 3 8 7 4 4 8 5 8 7 6
9 15 0 5 5 0 7 0 6 1 7 1 1 8 6 2 2 8 8 2 7 3 3 8 7 4 4 8 5 8 7 6
9 16 0 5 5 0 7 0 6 1 7 1 1 8 8 1 6 2 2 8 7 3 3 8 7 4 4 8 5 8 6 7 7 6
9 17 0 5 5 0 7 0 1 6 6 1 7 1 1 8 8 1 2 6 2 8 8 2 7 3 3 8 7 4 4 8 5 8 7 6
9 16 0 5 5 0 0 7 7 0 8 0 6 1 1 7 2 6 6 2 8 2 3 7 8 3 4 7 8 4 6 7 6 8
9 17 0 5 5 0 0 7 6 1 1 7 7 1 8 1 2 6 2 8 8 2 3 7 8 3 4 7 7 4 8 5 6 7 8 6
9 16 0 5 7 0 1 6 7 1 1 8 2 6 6 2 7 3 3 8 8 3 7 4 4 8 5 8 8 5 7 6 6 8
9 16 0 5 7 0 1 6 7 1 6 2 2 8 8 2 3 7 7 3 3 8 7 4 4 8 5 8 7 6 6 8 8 6
9 16 0 5 7 0 1 6 7 1 2 6 6 2 2 8 7 3 3 8 8 3 7 4 4 8 5 8 8 5 7 6 6 8
9 15 0 5 7 0 1 6 7 1 2 6 6 2 8 2 7 3 3 8 7 4 4 8 5 8 8 5 7 6 6 8
9 17 0 5 7 0 1 6 1 7 7 1 6 2 2 8 8 2 7 3 3 8 7 4 4 8 5 8 8 5 6 7 7 6 6 8
9 16 0 5 7 0 1 6 6 1 7 1 6 2 2 8 7 3 3 8 8 3 7 4 4 8 5 8 8 5 7 6 6 8
9 16 0 5 7 0 1 6 6 1 7 1 6 2 2 8 8 2 7 3 3 8 7 4 4 8 5 8 6 7 7 6 6 8
9 16 0 5 0 7 7 0 1 6 7 1 6 2 2 8 8 2 7 3 3 8 8 3 7 4 4 8 5 8 7 6 6 8
9 16 0 5 0 7 7 0 1 6 7 1 2 6 6 2 2 8 7 3 3 8 8 3 7 4 4 8 5 8 7 6 6 8
9 16 0 5 0 7 7 0 1 6 6 1 7 1 6 2 2 8 8 2 7 3 3 8 7 4 4 8 5 8 6 7 6 8
9 16 0 5 5 0 0 7 6 1 1 7 2 6 2 8 8 2 3 7 7 3 8 3 4 7 8 4 8 5 6 7 8 6
9 16 0 5 5 0 0 7 6 1 1 7 2 6 6 2 8 2 3 7 8 3 4 7 8 4 8 5 6 7 6 8 8 6
9 16 0 5 5 0 0 7 6 1 1 7 7 1 2 6 8 2 3 7 7 3 8 3 4 7 8 4 8 5 6 7 8 6
9 16 0 5 5 0 0 7 1 6 6 1 1 7 2 6 8 2 3 7 3 8 8 3 4 7 8 4 8 5 6 7 8 6
9 16 0 5 5 0 0 7 1 6 6 1 1 7 2 6 8 2 3 7 7 3 8 3 4 7 8 4 8 5 6 7 8 6
9 16 0 5 5 0 0 7 1 6 6 1 7 1 2 6 8 2 3 7 8 3 4 7 8 4 8 5 6 7 7 6 8 6
9 16 0 5 5 0 0 7 7 0 1 6 6 1 7 1 2 6 8 2 3 7 8 3 4 7 8 4 8 5 6 7 8 6
9 16 0 5 0 7 0 8 8 0 1 6 8 1 2 6 8 2 3 7 8 3 4 7 8 4 5 7 7 5 6 7 7 6
9 16 0 5 0 7 0 8 8 0 1 6 6 1 8 1 2 6 6 2 8 2 3 7 8 3 4 7 8 4 5 7 6 7
9 16 0 5 7 0 0 8 6 1 1 8 6 2 2 8 7 3 3 8 8 3 7 4 4 8 5 7 7 5 6 7 7 6
9 15 5 0 7 0 0 8 6 1 1 8 6 2 2 8 7 3 3 8 8 3 7 4 4 8 7 5 6 7 7 6
9 17 5 0 7 0 0 8 8 0 6 1 1 8 6 2 2 8 7 3 3 8 8 3 7 4 4 8 5 7 7 5 6 7 7 6
9 16 5 0 7 0 0 8 8 0 6 1 1 8 8 1 6 2 2 8 7 3 3 8 7 4 4 8 7 5 6 7 7 6
9 17 0 5 7 0 0 8 6 1 1 8 6 2 2 8 7 3 3 8 8 3 4 7 7 4 7 5 5 8 8 5 6 7 7 6
9 16 0 5 0 7 8 0 1 6 6 1 8 1 2 6 6 2 3 7 3 8 8 3 4 7 8 4 5 7 8 5 6 7
9 17 0 5 7 0 0 8 1 6 6 1 1 8 2 6 6 2 3 7 7 3 3 8 7 4 4 8 8 4 7 5 5 8 7 6
9 18 0 5 5 0 7 0 0 8 8 0 6 1 1 8 8 1 2 6 6 2 7 3 3 8 7 4 4 8 7 5 5 8 8 5 7 6
9 17 0 5 0 6 0 7 7 0 0 8 7 1 1 8 7 2 2 8 7 3 3 8 4 7 7 4 5 6 6 5 5 8 8 5
9 16 0 5 0 6 7 0 7 1 1 8 8 1 7 2 2 8 7 3 3 8 7 4 4 8 5 6 6 5 5 8 8 5
9 16 0 5 0 6 0 7 7 0 7 1 1 8 8 1 7 2 2 8 7 3 3 8 7 4 4 8 6 5 5 8 8 5
9 16 5 0 0 6 6 0 7 0 8 0 1 6 7 1 8 1 2 6 8 2 3 7 3 8 8 3 4 8 8 4 8 5
9 16 0 5 0 6 6 0 0 7 6 1 7 1 1 8 6 2 2 8 7 3 3 8 8 3 4 8 8 4 5 8 6 8
9 17 0 5 0 6 6 0 0 7 7 0 0 8 6 1 1 8 8 1 6 2 2 8 7 3 3 8 7 4 4 8 5 8 8 5
9 16 5 0 0 6 6 0 0 7 7 0 8 0 1 6 1 8 8 1 2 6 8 2 3 7 8 3 4 7 8 4 8 5
9 17 5 0 0 6 6 0 0 7 7 0 8 0 1 6 1 8 8 1 2 6 8 2 3 7 3 8 8 3 4 7 8 4 8 5
9 16 5 0 0 6 6 0 0 7 7 0 8 0 1 6 6 1 8 1 2 6 8 2 3 7 8 3 4 7 8 4 8 5
9 17 5 0 0 6 6 0 0 7 7 0 8 0 1 6 6 1 8 1 2 6 8 2 3 7 8 3 4 7 8 4 5 8 8 5
9 16 0 5 5 0 0 6 6 0 0 7 7 0 8 0 1 6 8 1 2 6 8 2 3 7 8 3 4 7 8 4 8 5
9 16 5 0 0 6 6 0 0 7 7 0 1 6 8 1 2 6 8 2 3 7 8 3 4 7 8 4 5 8 8 5 8 6
9 16 5 0 0 6 6 0 0 7 7 0 1 6 1 8 8 1 2 6 8 2 3 7 8 3 4 7 8 4 8 5 8 6
9 18 5 0 0 6 6 0 8 0 1 6 6 1 7 1 8 1 2 6 8 2 3 7 7 3 3 8 8 3 4 8 8 4 7 5 8 6
9 16 5 0 0 6 1 6 6 1 7 1 8 1 2 6 8 2 3 7 3 8 8 3 4 8 8 4 5 7 8 5 8 6
9 16 0 5 0 6 6 0 0 8 6 1 1 8 6 2 2 8 7 3 3 8 8 3 7 4 4 8 8 4 5 7 6 8
9 17 0 5 5 0 0 6 6 0 8 0 1 6 8 1 2 6 8 2 3 7 3 8 8 3 4 7 7 4 7 5 8 5 8 6
9 16 0 5 0 6 6 0 6 1 1 8 6 2 2 8 3 7 7 3 3 8 7 4 4 8 8 4 5 7 6 8 8 7
9 16 0 5 5 0 0 6 1 6 8 1 6 2 2 8 8 2 7 3 3 8 7 4 4 8 7 5 6 8 8 6 7 8
9 17 5 0 0 6 6 0 7 0 8 0 1 6 1 7 1 8 8 1 2 6 6 2 7 2 3 7 8 3 4 8 8 4 8 5
9 16 0 5 5 0 6 0 7 0 0 8 6 1 7 1 1 8 2 6 7 2 7 3 3 8 8 3 4 8 8 4 5 8
9 17 0 5 0 6 0 7 7 0 6 1 7 1 1 8 8 1 2 6 7 2 7 3 3 8 4 8 8 4 5 8 6 8 8 6
9 17 0 5 0 6 0 7 7 0 1 6 6 1 7 1 8 1 2 6 7 2 7 3 3 8 4 8 8 4 5 8 6 8 8 6
9 16 5 0 6 0 0 7 1 6 1 7 1 8 8 1 6 2 2 7 7 2 3 7 8 3 4 8 8 4 8 5 8 7
9 16 5 0 0 6 6 0 7 0 1 6 1 7 8 1 2 6 6 2 7 2 3 7 8 3 4 8 8 4 8 5 8 7
9 16 0 5 5 0 0 6 0 7 8 0 6 1 1 7 7 1 8 1 2 6 2 8 8 2 3 7 8 3 4 7 8 4
9 16 0 5 5 0 6 0 7 0 0 8 1 6 1 7 7 1 1 8 6 2 2 8 8 2 7 3 3 8 7 4 4 8
9 17 5 0 0 6 0 7 8 0 1 6 6 1 1 7 7 1 8 1 2 6 8 2 3 7 3 8 8 3 4 7 7 4 8 5
9 16 5 0 0 6 6 0 7 0 8 0 1 6 7 1 8 1 2 6 8 2 3 7 3 8 8 3 4 7 7 4 8 5
9 17 0 5 0 6 6 0 7 0 0 8 1 6 1 7 7 1 1 8 2 6 6 2 7 3 3 8 7 4 4 8 5 8 8 5
9 16 0 5 0 6 0 7 7 0 0 8 1 6 1 7 7 1 6 2 2 8 8 2 7 3 3 8 7 4 4 8 5 8
9 17 0 5 6 0 7 0 0 8 1 6 6 1 1 7 7 1 6 2 2 8 8 2 7 3 3 8 7 4 4 8 5 8 8 5
9 16 0 5 0 6 6 0 0 7 0 8 6 1 1 7 6 2 2 8 3 7 7 3 3 8 7 4 4 8 8 4 5 8
9 16 0 5 0 6 6 0 0 7 0 8 6 1 1 7 7 1 6 2 2 8 7 3 3 8 8 3 7 4 4 8 5 8
9 15 5 0 0 6 7 0 8 0 6 1 1 7 7 1 2 6 6 2 8 2 3 7 8 3 4 7 8 4 8 5
9 15 5 0 6 0 0 7 8 0 1 6 1 7 7 1 2 6 8 2 3 7 7 3 8 3 4 7 8 4 8 5
9 15 5 0 6 0 0 7 8 0 1 6 6 1 7 1 2 6 8 2 3 7 7 3 8 3 4 7 8 4 8 5
9 16 5 0 0 6 6 0 7 0 8 0 1 6 7 1 2 6 8 2 3 7 7 3 8 3 4 7 7 4 8 4 8 5
9 16 5 0 0 6 6 0 7 0 8 0 1 6 6 1 7 1 2 6 8 2 3 7 7 3 8 3 4 7 8 4 8 5
9 16 5 0 0 6 6 0 7 0 8 0 1 6 6 1 7 1 2 6 2 8 8 2 3 7 8 3 4 7 8 4 8 5
9 17 0 5 5 0 6 0 7 0 0 8 1 6 6 1 1 7 7 1 6 2 2 8 8 2 7 3 3 8 7 4 4 8 5 8
9 16 0 5 5 0 0 6 6 0 7 0 8 0 1 6 1 7 7 1 2 6 8 2 3 7 8 3 4 7 8 4 8 5
9 15 0 5 0 6 7 0 1 6 1 7 7 1 1 8 6 2 2 8 7 3 3 8 7 4 4 8 5 8 8 5
9 16 0 5 0 6 0 7 7 0 1 6 7 1 1 8 6 2 2 8 8 2 7 3 3 8 8 3 7 4 4 8 5 8
9 15 0 5 0 6 0 7 7 0 6 1 7 1 1 8 6 2 2 8 7 3 3 8 7 4 4 8 5 8 8 5
9 16 0 5 6 0 7 0 1 6 6 1 1 7 7 1 1 8 6 2 2 8 8 2 7 3 3 8 7 4 4 8 5 8
9 14 0 5 0 6 6 0 0 7 6 1 7 1 1 8 6 2 2 8 7 3 3 8 7 4 4 8 5 8
9 15 5 0 0 6 0 7 6 1 1 7 7 1 8 1 2 6 8 2 3 7 8 3 4 7 8 4 5 8 8 5
9 15 5 0 0 6 0 7 6 1 1 7 7 1 8 1 2 6 2 8 8 2 3 7 8 3 4 7 8 4 8 5
9 16 5 0 0 6 0 7 6 1 1 7 7 1 8 1 2 6 6 2 8 2 3 7 8 3 4 7 8 4 5 8 8 5
9 16 5 0 0 6 0 7 1 6 6 1 1 7 7 1 8 1 2 6 8 2 3 7 8 3 4 7 8 4 5 8 8 5
9 14 5 0 0 6 7 0 6 1 1 7 7 1 8 1 2 6 8 2 3 7 8 3 4 7 8 4 8 5
9 15 5 0 6 0 0 7 6 1 1 7 7 1 8 1 2 6 8 2 3 7 7 3 8 3 4 7 8 4 8 5
9 15 5 0 6 0 0 7 7 0 6 1 1 7 8 1 2 6 8 2 3 7 3 8 8 3 4 7 8 4 8 5
9 15 5 0 6 0 0 7 7 0 6 1 1 7 8 1 2 6 8 2 3 7 7 3 8 3 4 7 8 4 8 5
9 16 5 0 6 0 0 7 7 0 6 1 1 7 8 1 2 6 2 8 8 2 3 7 7 3 8 3 4 7 8 4 8 5
9 15 5 0 6 0 0 7 7 0 6 1 1 7 8 1 2 6 6 2 8 2 3 7 8 3 4 7 8 4 8 5
9 16 5 0 6 0 0 7 7 0 6 1 1 7 7 1 8 1 2 6 2 8 8 2 3 7 8 3 4 7 8 4 8 5
9 17 5 0 0 6 6 0 0 7 6 1 1 7 7 1 8 1 2 6 6 2 8 2 3 7 8 3 4 7 8 4 5 8 8 5
9 15 5 0 0 6 6 0 7 0 6 1 1 7 8 1 2 6 8 2 3 7 7 3 8 3 4 7 8 4 8 5
9 15 5 0 0 6 6 0 0 7 7 0 1 6 7 1 8 1 2 6 8 2 3 7 8 3 4 7 8 4 8 5
9 15 0 5 5 0 0 6 0 7 6 1 1 7 7 1 8 1 2 6 8 2 3 7 8 3 4 7 8 4 8 5
9 15 0 5 5 0 6 0 0 7 7 0 1 6 1 7 8 1 2 6 8 2 3 7 8 3 4 7 8 4 8 5
9 15 0 5 5 0 6 0 0 7 7 0 6 1 1 7 8 1 2 6 8 2 3 7 8 3 4 7 8 4 8 5
9 16 5 0 0 6 6 0 7 0 1 6 7 1 8 1 2 6 8 2 3 7 8 3 4 7 7 4 5 8 8 5 8 6
9 15 0 5 0 6 0 7 7 0 1 6 7 1 8 1 2 6 6 2 7 3 3 8 7 4 4 8 5 8 6 8
9 16 0 5 5 0 6 0 0 7 7 0 6 1 1 7 8 1 2 6 6 2 3 7 8 3 4 7 8 4 8 5 8 6
9 16 0 5 0 6 0 7 7 0 1 6 7 1 6 2 2 8 8 2 7 3 3 8 8 3 7 4 4 8 5 8 6 8
9 16 0 5 0 6 0 7 7 0 1 6 6 1 7 1 6 2 2 8 7 3 3 8 7 4 4 8 5 8 8 5 6 8
9 15 0 5 6 0 0 7 1 6 6 1 7 1 6 2 2 8 7 3 3 8 7 4 4 8 5 8 8 5 6 8
9 16 0 5 0 6 6 0 0 7 6 1 1 7 6 2 2 8 8 2 3 7 7 3 3 8 7 4 4 8 5 8 6 8
9 16 0 5 0 6 6 0 0 7 6 1 1 7 7 1 6 2 2 8 7 3 3 8 8 3 7 4 4 8 5 8 6 8
9 16 5 0 6 0 0 7 7 0 6 1 1 7 2 6 6 2 8 2 3 7 3 8 8 3 4 7 8 4 8 5 6 8
9 16 5 0 6 0 0 7 7 0 6 1 1 7 2 6 6 2 8 2 3 7 7 3 8 3 4 7 8 4 8 5 8 6
9 16 5 0 6 0 0 7 7 0 6 1 1 7 7 1 2 6 8 2 3 7 7 3 8 3 4 7 8 4 8 5 8 6
9 17 5 0 6 0 0 7 7 0 6 1 1 7 7 1 2 6 6 2 8 2 3 7 3 8 8 3 4 7 8 4 8 5 8 6
9 16 5 0 6 0 0 7 7 0 1 6 6 1 1 7 2 6 8 2 3 7 8 3 4 7 8 4 5 8 8 5 8 6
9 16 5 0 6 0 0 7 7 0 1 6 6 1 1 7 2 6 2 8 8 2 3 7 8 3 4 7 8 4 8 5 8 6
9 17 5 0 6 0 0 7 7 0 1 6 6 1 1 7 2 6 2 8 8 2 3 7 3 8 8 3 4 7 8 4 8 5 8 6
9 16 5 0 0 6 6 0 7 0 1 6 7 1 2 6 6 2 8 2 3 7 7 3 8 3 4 7 8 4 8 5 8 6
9 15 5 0 0 6 6 0 7 0 6 1 1 7 7 1 2 6 8 2 3 7 8 3 4 7 8 4 8 5 8 6
9 16 5 0 0 6 6 0 7 0 6 1 1 7 7 1 2 6 2 8 8 2 3 7 8 3 4 7 8 4 8 5 8 6
9 16 5 0 0 6 6 0 7 0 1 6 6 1 7 1 2 6 8 2 3 7 7 3 8 3 4 7 8 4 8 5 8 6
9 16 5 0 0 6 6 0 7 0 1 6 6 1 7 1 2 6 6 2 8 2 3 7 8 3 4 7 8 4 8 5 8 6
9 16 5 0 0 6 6 0 0 7 7 0 1 6 6 1 7 1 2 6 8 2 3 7 8 3 4 7 8 4 8 5 8 6
9 16 0 5 5 0 6 0 0 7 7 0 1 6 1 7 7 1 2 6 8 2 3 7 8 3 4 7 8 4 8 5 8 6
9 16 0 5 5 0 6 0 0 7 7 0 6 1 1 7 2 6 2 8 8 2 3 7 8 3 4 7 8 4 8 5 8 6
9 17 0 5 5 0 6 0 0 7 7 0 6 1 1 7 7 1 2 6 6 2 8 2 3 7 8 3 4 7 8 4 8 5 8 6
9 16 0 5 5 0 6 0 0 7 7 0 1 6 6 1 1 7 2 6 8 2 3 7 8 3 4 7 8 4 8 5 8 6
9 16 0 5 5 0 0 6 6 0 7 0 1 6 7 1 2 6 8 2 3 7 3 8 8 3 4 7 8 4 8 5 8 6
9 16 0 5 5 0 0 6 6 0 7 0 1 6 6 1 7 1 2 6 8 2 3 7 8 3 4 7 8 4 8 5 8 6
9 16 0 5 0 6 6 0 0 7 0 8 6 1 1 7 6 2 2 8 7 3 3 8 8 3 4 7 7 4 5 8 8 7
9 16 0 5 0 6 0 7 7 0 6 1 7 1 1 8 6 2 2 8 7 3 3 8 8 3 4 7 7 4 5 8 7 8
9 15 0 5 0 6 7 0 1 6 7 1 6 2 2 8 3 7 7 3 3 8 7 4 4 8 8 4 5 8 7 8
9 15 0 5 0 6 7 0 1 6 7 1 6 2 2 8 8 2 3 7 7 3 3 8 7 4 4 8 5 8 7 8
9 15 0 5 0 6 7 0 1 6 1 7 7 1 6 2 2 8 8 2 7 3 3 8 7 4 4 8 5 8 7 8
9 16 0 5 0 6 7 0 1 6 6 1 7 1 6 2 2 8 8 2 7 3 3 8 8 3 7 4 4 8 5 8 7 8
9 16 0 5 0 6 0 7 7 0 1 6 1 7 7 1 6 2 2 8 7 3 3 8 8 3 7 4 4 8 5 8 7 8
9 15 0 5 6 0 7 0 1 6 7 1 6 2 2 8 3 7 7 3 3 8 7 4 4 8 5 8 8 5 7 8
9 15 0 5 6 0 7 0 1 6 7 1 6 2 2 8 3 7 7 3 3 8 7 4 4 8 8 4 5 8 7 8
9 15 0 5 6 0 7 0 1 6 7 1 6 2 2 8 8 2 7 3 3 8 7 4 4 8 5 8 8 5 7 8
9 15 0 5 6 0 7 0 1 6 1 7 7 1 6 2 2 8 7 3 3 8 8 3 7 4 4 8 5 8 7 8
9 16 0 5 6 0 7 0 1 6 6 1 7 1 6 2 2 8 8 2 7 3 3 8 7 4 4 8 5 8 8 5 7 8
9 16 0 5 6 0 7 0 1 6 6 1 1 7 7 1 6 2 2 8 8 2 7 3 3 8 7 4 4 8 5 8 7 8
9 16 0 5 0 6 6 0 0 7 6 1 1 7 6 2 2 8 3 7 7 3 8 3 4 7 7 4 8 4 5 8 8 7
9 17 0 5 0 6 6 0 7 0 1 6 1 7 7 1 6 2 2 8 8 2 7 3 3 8 7 4 4 8 5 8 8 5 7 8
9 15 5 0 0 6 0 7 6 1 1 7 7 1 2 6 2 8 8 2 3 7 8 3 4 7 8 4 8 5 8 7
9 15 5 0 6 0 0 7 6 1 1 7 2 6 6 2 8 2 3 7 8 3 4 7 8 4 5 8 8 5 8 7
9 15 5 0 6 0 0 7 6 1 1 7 7 1 2 6 8 2 3 7 7 3 8 3 4 7 8 4 8 5 8 7
9 16 5 0 6 0 0 7 1 6 6 1 1 7 2 6 2 8 8 2 3 7 7 3 8 3 4 7 8 4 8 5 8 7
9 17 5 0 0 6 6 0 0 7 6 1 1 7 7 1 2 6 8 2 3 7 7 3 8 3 4 7 8 4 5 8 8 5 8 7
9 16 0 5 5 0 0 6 0 7 6 1 1 7 7 1 2 6 6 2 8 2 3 7 8 3 4 7 8 4 8 5 8 7
9 16 0 5 5 0 0 6 0 7 7 0 1 6 7 1 6 2 2 8 8 2 7 3 3 8 7 4 4 8 5 8 7 8
9 16 0 5 5 0 6 0 0 7 6 1 1 7 7 1 2 6 2 8 8 2 3 7 8 3 4 7 8 4 8 5 8 7
9 17 5 0 6 0 0 7 7 0 1 6 6 1 1 7 2 6 2 8 8 2 3 7 8 3 4 7 7 4 8 5 8 6 8 7
9 17 5 0 0 6 6 0 7 0 1 6 7 1 2 6 6 2 8 2 3 7 7 3 8 3 4 7 7 4 8 5 8 6 8 7
9 16 0 5 0 6 7 0 1 6 1 7 7 1 2 6 6 2 7 3 3 8 8 3 7 4 4 8 5 8 6 8 7 8
9 16 0 5 6 0 7 0 1 6 6 1 7 1 2 6 6 2 3 7 7 3 3 8 7 4 4 8 5 8 6 8 7 8
9 16 5 0 0 6 0 7 6 1 1 7 7 1 2 6 6 2 3 7 7 3 8 3 4 7 8 4 8 5 8 6 8 7
9 16 0 5 5 0 0 6 0 7 6 1 1 7 2 6 6 2 3 7 3 8 8 3 4 7 8 4 8 5 8 6 8 7
9 16 0 5 5 0 0 6 0 7 6 1 1 7 2 6 6 2 3 7 7 3 8 3 4 7 8 4 8 5 8 6 8 7
9 16 0 5 5 0 0 6 8 0 6 1 1 7 7 1 8 1 6 2 2 7 8 2 3 7 7 3 8 3 4 7 8 4
9 18 0 5 5 0 0 6 8 0 1 6 6 1 1 7 7 1 8 1 2 6 6 2 2 7 7 2 8 2 3 7 8 3 4 7 8 4
9 15 5 0 0 6 8 0 6 1 1 7 8 1 6 2 2 7 7 2 3 7 8 3 4 7 8 4 5 8 8 5
9 15 5 0 0 6 8 0 1 6 6 1 7 1 8 1 2 6 7 2 3 7 7 3 3 8 7 4 4 8 8 5
9 15 5 0 0 6 6 0 8 0 1 6 7 1 1 8 2 6 2 7 7 2 7 3 3 8 7 4 4 8 8 5
9 16 5 0 0 6 6 0 8 0 6 1 1 7 7 1 8 1 6 2 2 7 7 2 3 7 8 3 4 7 8 4 8 5
9 17 5 0 0 6 6 0 8 0 6 1 1 7 7 1 8 1 2 6 6 2 2 7 3 7 3 8 8 3 4 7 8 4 8 5
9 16 5 0 0 6 6 0 8 0 1 6 6 1 7 1 8 1 2 6 7 2 3 7 3 8 8 3 4 7 8 4 8 5
9 16 5 0 0 6 6 0 8 0 1 6 6 1 7 1 8 1 2 6 2 7 7 2 3 7 8 3 4 7 8 4 8 5
9 14 0 5 5 0 0 6 0 8 6 1 1 7 8 1 6 2 2 7 3 7 8 3 4 7 8 4 8 5
9 15 0 5 5 0 6 0 0 8 8 0 1 6 7 1 1 8 2 6 7 2 7 3 3 8 7 4 4 8 8 5
9 15 0 5 6 0 1 6 1 7 7 1 1 8 2 6 7 2 2 8 7 3 3 8 7 4 4 8 5 8 8 5
9 15 0 5 6 0 1 6 1 7 7 1 1 8 6 2 7 2 2 8 7 3 3 8 8 3 7 4 4 8 5 8
9 16 0 5 0 6 6 0 1 6 1 7 7 1 1 8 6 2 7 2 2 8 7 3 3 8 7 4 4 8 5 8 8 5
9 15 5 0 0 6 1 6 1 7 8 1 6 2 2 7 7 2 8 2 3 7 8 3 4 7 8 4 5 8 8 5
9 14 5 0 0 6 1 6 7 1 8 1 6 2 2 7 8 2 3 7 8 3 4 7 8 4 5 8 8 5
9 17 5 0 0 6 6 0 1 6 6 1 1 7 8 1 6 2 2 7 7 2 8 2 3 7 8 3 4 7 8 4 5 8 8 5
9 16 0 5 5 0 6 0 1 6 1 7 7 1 1 8 2 6 7 2 2 8 7 3 3 8 7 4 4 8 5 8 8 5
9 16 0 5 5 0 6 0 1 6 1 7 7 1 1 8 2 6 2 7 7 2 2 8 7 3 3 8 7 4 4 8 5 8
9 16 0 5 5 0 6 0 1 6 1 7 7 1 1 8 6 2 7 2 2 8 7 3 3 8 7 4 4 8 5 8 8 5
9 16 5 0 0 6 1 6 6 1 7 1 8 1 2 6 2 7 8 2 3 7 8 3 4 7 7 4 5 8 8 5 8 6
9 16 0 5 0 6 6 0 0 8 6 1 1 7 6 2 2 7 7 3 3 8 8 3 7 4 4 8 8 4 5 8 6 8
9 15 5 0 0 6 8 0 1 6 7 1 2 6 7 2 7 3 3 8 8 3 7 4 4 8 8 4 8 5 8 6
9 16 5 0 6 0 0 8 1 6 6 1 7 1 2 6 6 2 7 2 7 3 3 8 7 4 4 8 5 8 8 5 6 8
9 17 5 0 0 6 6 0 8 0 1 6 6 1 7 1 2 6 6 2 7 2 3 7 3 8 8 3 4 7 8 4 8 5 8 6
9 15 0 5 5 0 0 6 0 8 1 6 1 7 7 1 2 6 7 2 7 3 3 8 7 4 4 8 8 5 8 6
9 16 0 5 5 0 6 0 0 8 8 0 1 6 1 7 7 1 2 6 7 2 7 3 3 8 7 4 4 8 8 5 6 8
9 15 0 5 5 0 0 6 6 0 8 0 6 1 1 7 6 2 2 7 3 7 8 3 4 7 8 4 8 5 6 8
9 17 0 5 6 0 1 6 1 7 7 1 1 8 2 6 6 2 7 2 7 3 3 8 8 3 7 4 4 8 5 8 8 5 6 8
9 16 0 5 6 0 1 6 6 1 1 7 1 8 6 2 2 7 7 2 7 3 3 8 8 3 7 4 4 8 5 8 6 8
9 16 5 0 0 6 6 1 1 7 7 1 8 1 6 2 2 7 7 2 3 7 8 3 4 7 8 4 5 8 8 5 8 6
9 16 5 0 0 6 6 1 1 7 7 1 8 1 2 6 6 2 2 7 3 7 8 3 4 7 8 4 5 8 8 5 8 6
9 15 5 0 0 6 6 1 1 7 7 1 8 1 2 6 6 2 7 2 3 7 8 3 4 7 8 4 8 5 8 6
9 15 5 0 0 6 1 6 6 1 7 1 8 1 6 2 2 7 3 7 3 8 8 3 4 7 8 4 8 5 8 6
9 16 5 0 0 6 1 6 6 1 7 1 8 1 2 6 6 2 7 2 3 7 3 8 8 3 4 7 8 4 8 5 8 6
9 16 0 5 5 0 0 6 6 1 1 7 7 1 8 1 6 2 2 7 3 7 7 3 8 3 4 7 8 4 8 5 8 6
9 17 0 5 5 0 0 6 1 6 6 1 7 1 8 1 2 6 7 2 3 7 3 8 8 3 4 7 4 8 8 4 8 5 8 6
9 16 0 5 5 0 6 0 1 6 1 7 7 1 1 8 2 6 7 2 7 3 3 8 8 3 7 4 4 8 5 8 6 8
9 17 0 5 5 0 6 0 1 6 1 7 7 1 1 8 2 6 6 2 7 2 7 3 3 8 7 4 4 8 5 8 8 5 6 8
9 15 0 5 5 0 6 0 6 1 1 7 8 1 6 2 2 7 3 7 8 3 4 7 8 4 5 8 6 8 8 6
9 16 0 5 5 0 6 0 6 1 1 7 7 1 8 1 6 2 2 7 3 7 8 3 4 7 8 4 5 8 8 5 8 6
9 16 0 5 5 0 6 0 1 6 6 1 1 7 1 8 6 2 2 7 7 3 3 8 8 3 7 4 4 8 5 8 6 8
9 16 0 5 5 0 0 6 6 0 1 6 1 7 7 1 1 8 2 6 7 2 7 3 3 8 7 4 4 8 8 5 6 8
9 15 0 5 5 0 0 6 6 0 6 1 7 1 1 8 2 6 7 2 7 3 3 8 7 4 4 8 8 5 8 6
9 16 0 5 0 6 0 7 7 0 6 1 7 1 1 8 6 2 2 8 7 3 3 8 4 8 8 4 7 5 5 8 8 5
9 15 5 0 6 0 0 7 6 1 1 7 8 1 2 6 2 8 8 2 3 7 8 3 4 8 8 4 5 7 8 5
9 16 0 5 0 6 0 7 0 8 6 1 1 7 7 1 2 6 6 2 8 2 3 7 8 3 4 8 8 4 5 7 8 6
9 16 0 5 0 6 0 7 8 0 6 1 1 7 7 1 2 6 6 2 8 2 3 7 8 3 4 8 8 4 5 7 8 6
9 16 0 5 5 0 0 6 7 0 0 8 1 6 7 1 2 6 6 2 8 2 7 3 3 8 4 8 8 4 7 5 6 8
9 16 0 5 0 6 7 0 1 6 7 1 6 2 2 8 8 2 7 3 3 8 4 8 8 4 7 5 5 8 6 8 8 6
9 15 0 5 0 6 8 0 6 1 1 7 8 1 6 2 2 7 7 2 3 7 8 3 4 8 8 4 5 7 8 5
9 16 0 5 0 6 6 0 8 0 6 1 1 7 8 1 6 2 2 7 7 2 3 7 8 3 4 8 8 4 5 7 8 5
9 16 0 5 5 0 0 6 0 8 1 6 7 1 8 1 2 6 7 2 3 7 7 3 3 8 4 8 8 4 7 5 8 6
9 16 0 5 6 0 6 1 1 7 8 1 6 2 2 7 8 2 3 7 7 3 8 3 4 8 8 4 5 7 7 5 6 8
9 16 0 5 6 0 6 1 1 7 7 1 8 1 6 2 2 7 8 2 3 7 8 3 4 8 8 4 5 7 6 8 8 6
9 15 0 5 0 6 6 0 6 1 1 7 8 1 6 2 2 7 8 2 3 7 8 3 4 8 8 4 5 7 6 8
9 16 5 0 6 0 0 8 1 6 6 1 7 1 2 6 6 2 7 2 7 3 3 8 4 8 8 4 7 5 5 8 6 8
9 16 0 5 0 6 6 0 7 0 0 8 6 1 1 8 6 2 2 8 7 3 3 8 8 3 7 4 4 8 5 7 7 5
9 16 5 0 0 6 6 0 7 0 8 0 1 6 6 1 8 1 2 6 8 2 3 7 3 8 8 3 4 7 8 4 7 5
9 16 5 0 0 6 6 0 0 7 7 0 8 0 1 6 6 1 8 1 2 6 8 2 3 7 8 3 4 7 8 4 7 5
9 17 0 5 5 0 0 6 6 0 0 7 7 0 0 8 6 1 1 8 8 1 6 2 2 8 7 3 3 8 7 4 4 8 7 5
9 18 0 5 5 0 0 6 6 0 0 7 7 0 8 0 1 6 8 1 2 6 8 2 3 7 3 8 8 3 4 7 8 4 5 7 7 5
9 17 0 5 5 0 0 6 6 0 0 7 7 0 8 0 1 6 1 8 8 1 2 6 8 2 3 7 8 3 4 7 8 4 5 7
9 17 0 5 0 6 6 0 0 7 1 6 1 8 8 1 2 6 2 8 8 2 3 7 8 3 4 7 8 4 5 7 7 5 8 5
9 14 0 5 0 6 6 0 0 7 6 1 1 8 6 2 2 8 7 3 3 8 7 4 4 8 7 5 5 8
9 16 5 0 0 6 6 0 7 0 6 1 1 8 8 1 6 2 2 8 7 3 3 8 7 4 4 8 5 7 7 5 5 8
9 17 5 0 0 6 6 0 7 0 6 1 1 8 8 1 6 2 2 8 8 2 7 3 3 8 7 4 4 8 5 7 7 5 5 8
9 16 5 0 0 6 6 0 0 7 7 0 1 6 8 1 2 6 8 2 3 7 8 3 4 7 8 4 5 7 5 8 8 5
9 16 5 0 0 6 6 0 0 7 7 0 1 6 1 8 8 1 2 6 8 2 3 7 8 3 4 7 8 4 7 5 8 5
9 16 0 5 0 6 6 0 0 7 6 1 1 8 6 2 2 8 7 3 3 8 8 3 7 4 4 8 8 4 5 7 6 8
9 16 5 0 0 6 6 0 7 0 1 6 8 1 2 6 8 2 3 7 7 3 8 3 4 7 4 8 8 4 7 5 8 6
9 16 5 0 0 6 6 0 7 0 1 6 8 1 2 6 8 2 3 7 7 3 8 3 4 7 7 4 8 4 7 5 8 6
9 16 5 0 0 6 6 0 7 0 1 6 1 8 8 1 2 6 8 2 3 7 8 3 4 7 8 4 5 7 7 5 8 6
9 17 5 0 0 6 6 0 0 7 7 0 6 1 1 8 8 1 6 2 2 8 7 3 3 8 7 4 4 8 5 7 7 5 6 8
9 17 0 5 5 0 0 6 6 0 0 7 6 1 1 8 8 1 6 2 2 8 3 7 7 3 3 8 7 4 4 8 5 7 6 8
9 16 5 0 0 6 6 0 7 0 1 6 8 1 2 6 8 2 3 7 3 8 8 3 4 7 7 4 5 7 8 5 8 6
9 17 5 0 0 6 6 0 7 0 1 6 1 8 8 1 2 6 8 2 3 7 7 3 8 3 4 7 7 4 7 5 8 5 8 6
9 17 5 0 0 6 6 0 0 7 7 0 1 6 8 1 2 6 6 2 3 7 8 3 4 7 8 4 5 7 5 8 8 5 8 6
9 16 5 0 0 6 6 0 7 0 6 1 1 8 8 1 6 2 2 8 7 3 3 8 7 4 4 8 5 7 7 5 7 8
9 16 0 5 5 0 0 6 6 0 0 7 6 1 1 8 6 2 2 8 7 3 3 8 8 3 7 4 4 8 7 5 7 8
9 16 0 5 5 0 0 6 6 0 7 0 6 1 1 8 6 2 2 8 3 7 7 3 3 8 7 4 4 8 7 5 7 8
9 17 5 0 0 6 6 0 7 0 6 1 1 8 8 1 2 6 6 2 7 3 3 8 8 3 7 4 4 8 7 5 6 8 7 8
9 15 0 5 0 6 8 0 6 1 1 7 7 1 8 1 2 6 8 2 3 7 3 8 8 3 4 7 8 4 5 7
9 15 0 5 0 6 8 0 6 1 1 7 7 1 8 1 2 6 8 2 3 7 7 3 8 3 4 7 8 4 5 7
9 16 0 5 0 6 8 0 6 1 1 7 7 1 8 1 2 6 2 8 8 2 3 7 8 3 4 7 8 4 5 7 7 5
9 16 0 5 0 6 8 0 1 6 6 1 1 7 7 1 8 1 2 6 8 2 3 7 8 3 4 7 8 4 5 7 7 5
9 15 0 5 0 6 0 8 8 0 6 1 1 7 8 1 2 6 2 8 8 2 3 7 8 3 4 7 8 4 5 7
9 15 0 5 6 0 8 0 6 1 1 7 8 1 2 6 2 8 8 2 3 7 8 3 4 7 8 4 5 7 7 5
9 15 0 5 6 0 8 0 6 1 1 7 7 1 8 1 2 6 8 2 3 7 8 3 4 7 8 4 5 7 7 5
9 15 0 5 6 0 8 0 6 1 1 7 7 1 8 1 2 6 8 2 3 7 3 8 8 3 4 7 8 4 5 7
9 16 0 5 6 0 8 0 6 1 1 7 7 1 8 1 2 6 8 2 3 7 7 3 8 3 4 7 8 4 5 7 7 5
9 15 0 5 6 0 8 0 6 1 1 7 7 1 8 1 2 6 2 8 8 2 3 7 8 3 4 7 8 4 5 7
9 16 0 5 6 0 8 0 6 1 1 7 7 1 8 1 2 6 2 8 8 2 3 7 8 3 4 7 8 4 5 7 7 5
9 16 0 5 6 0 8 0 6 1 1 7 7 1 8 1 2 6 6 2 8 2 3 7 8 3 4 7 8 4 5 7 7 5
9 15 5 0 6 0 0 8 1 6 1 7 7 1 1 8 6 2 2 8 8 2 7 3 3 8 7 4 4 8 7 5
9 16 5 0 6 0 0 8 1 6 1 7 7 1 1 8 6 2 2 8 8 2 7 3 3 8 7 4 4 8 5 7 7 5
9 15 5 0 0 6 6 0 8 0 1 6 7 1 1 8 2 6 6 2 8 2 7 3 3 8 7 4 4 8 7 5
9 14 0 5 5 0 0 6 8 0 6 1 1 7 8 1 2 6 8 2 3 7 8 3 4 7 8 4 7 5
9 16 0 5 5 0 6 0 8 0 6 1 1 7 8 1 2 6 6 2 8 2 3 7 8 3 4 7 8 4 5 7 7 5
9 17 0 5 0 6 0 8 8 0 6 1 1 7 7 1 8 1 2 6 6 2 3 7 8 3 4 7 8 4 5 7 7 5 8 5
9 17 5 0 0 6 8 0 1 6 6 1 1 7 7 1 8 1 2 6 6 2 3 7 7 3 8 3 4 7 8 4 5 7 8 5
9 15 0 5 0 6 8 0 6 1 1 7 2 6 2 8 8 2 3 7 8 3 4 7 8 4 5 7 7 5 8 5
9 16 0 5 0 6 8 0 6 1 1 7 2 6 2 8 8 2 3 7 3 8 8 3 4 7 8 4 5 7 7 5 8 5
9 15 0 5 6 0 8 0 6 1 1 7 2 6 8 2 3 7 7 3 8 3 4 7 8 4 5 7 7 5 8 5
9 15 0 5 6 0 8 0 6 1 1 7 2 6 6 2 8 2 3 7 8 3 4 7 8 4 5 7 7 5 8 5
9 15 0 5 0 6 6 0 0 8 6 1 1 7 2 6 6 2 8 2 3 7 8 3 4 7 8 4 5 7 8 5
9 15 5 0 0 6 0 8 1 6 7 1 6 2 2 8 8 2 7 3 3 8 7 4 4 8 5 7 7 5 5 8
9 15 5 0 6 0 0 8 1 6 7 1 6 2 2 8 8 2 7 3 3 8 7 4 4 8 5 7 7 5 5 8
9 15 5 0 6 0 0 8 1 6 6 1 7 1 6 2 2 8 7 3 3 8 7 4 4 8 5 7 7 5 5 8
9 16 5 0 6 0 0 8 1 6 6 1 1 7 7 1 6 2 2 8 7 3 3 8 8 3 7 4 4 8 7 5 5 8
9 16 5 0 0 6 6 0 0 8 1 6 7 1 2 6 6 2 8 2 7 3 3 8 7 4 4 8 5 7 7 5 5 8
9 15 0 5 6 0 6 1 1 7 7 1 8 1 2 6 6 2 8 2 3 7 8 3 4 7 8 4 5 7 8 5
9 16 0 5 0 6 6 0 1 6 1 7 8 1 2 6 2 8 8 2 3 7 8 3 4 7 8 4 5 7 7 5 8 5
9 16 0 5 0 6 6 0 1 6 1 7 7 1 1 8 2 6 6 2 2 8 7 3 3 8 7 4 4 8 7 5 5 8
9 16 0 5 0 6 6 0 6 1 1 7 7 1 8 1 2 6 6 2 8 2 3 7 8 3 4 7 8 4 5 7 8 5
9 17 5 0 0 6 1 6 6 1 1 7 7 1 8 1 2 6 8 2 3 7 7 3 8 3 4 7 8 4 5 7 5 8 8 5
9 16 5 0 0 6 6 0 6 1 1 7 7 1 8 1 2 6 6 2 8 2 3 7 8 3 4 7 8 4 5 7 8 5
9 17 5 0 0 6 6 0 1 6 6 1 1 7 7 1 8 1 2 6 8 2 3 7 8 3 4 7 8 4 5 7 5 8 8 5
9 15 0 5 5 0 6 0 1 6 1 7 8 1 2 6 8 2 3 7 8 3 4 7 8 4 5 7 7 5 8 5
9 15 0 5 5 0 6 0 6 1 1 7 8 1 2 6 8 2 3 7 8 3 4 7 8 4 5 7 7 5 8 5
9 16 0 5 5 0 6 0 6 1 1 7 7 1 8 1 2 6 8 2 3 7 3 8 8 3 4 7 8 4 5 7 8 5
9 16 5 0 0 6 6 0 8 0 1 6 1 7 8 1 2 6 8 2 3 7 3 8 8 3 4 7 7 4 7 5 8 6
9 15 0 5 6 0 0 8 6 1 1 7 2 6 6 2 2 8 3 7 7 3 8 3 4 7 8 4 5 7 6 8
9 16 0 5 6 0 0 8 6 1 1 7 2 6 6 2 8 2 3 7 7 3 8 3 4 7 8 4 5 7 6 8 8 6
9 16 0 5 6 0 8 0 1 6 6 1 1 7 7 1 2 6 8 2 3 7 8 3 4 7 8 4 5 7 7 5 8 6
9 16 5 0 0 6 8 0 1 6 7 1 2 6 6 2 2 8 8 2 7 3 3 8 7 4 4 8 5 7 7 5 6 8
9 16 5 0 0 6 6 0 8 0 1 6 7 1 2 6 8 2 3 7 3 8 8 3 4 7 8 4 5 7 7 5 8 6
9 17 0 5 5 0 6 0 8 0 6 1 1 7 2 6 6 2 8 2 3 7 8 3 4 7 8 4 5 7 7 5 6 8 8 6
9 15 0 5 6 0 6 1 1 7 1 8 2 6 6 2 2 8 3 7 7 3 8 3 4 7 8 4 5 7 6 8
9 15 0 5 6 0 6 1 1 7 8 1 2 6 2 8 8 2 3 7 7 3 8 3 4 7 8 4 5 7 6 8
9 15 0 5 6 0 6 1 1 7 8 1 6 2 2 8 3 7 7 3 8 3 4 7 7 4 8 4 5 7 6 8
9 16 0 5 6 0 6 1 1 7 8 1 2 6 6 2 2 8 3 7 8 3 4 7 8 4 5 7 7 5 6 8 8 6
9 15 0 5 6 0 6 1 1 7 8 1 2 6 6 2 2 8 3 7 7 3 8 3 4 7 8 4 5 7 6 8
9 18 0 5 6 0 6 1 1 7 7 1 8 1 2 6 6 2 2 8 8 2 3 7 8 3 4 7 8 4 5 7 7 5 6 8 8 6
9 15 0 5 5 0 0 6 1 6 7 1 1 8 2 6 8 2 3 7 7 3 3 8 7 4 4 8 7 5 8 6
9 16 0 5 5 0 0 6 1 6 1 7 7 1 1 8 2 6 6 2 2 8 7 3 3 8 7 4 4 8 7 5 6 8
9 17 0 5 5 0 0 6 6 0 6 1 1 7 7 1 8 1 2 6 2 8 8 2 3 7 8 3 4 7 8 4 5 7 8 6
9 17 0 5 0 6 6 0 6 1 1 7 7 1 8 1 2 6 6 2 3 7 7 3 8 3 4 7 8 4 5 7 8 5 8 6
9 16 0 5 6 0 6 1 1 7 6 2 2 8 8 2 3 7 8 3 4 7 8 4 5 7 7 5 8 5 6 8 8 6
9 16 0 5 6 0 6 1 1 7 2 6 6 2 8 2 3 7 7 3 8 3 4 7 8 4 5 7 7 5 8 5 8 6
9 16 0 5 6 0 6 1 1 7 7 1 2 6 8 2 3 7 7 3 8 3 4 7 8 4 5 7 7 5 8 5 8 6
9 15 0 5 0 6 6 0 6 1 1 7 6 2 2 8 3 7 7 3 8 3 4 7 8 4 5 7 8 5 6 8
9 16 5 0 0 6 1 6 7 1 2 6 6 2 2 8 7 3 3 8 8 3 7 4 4 8 5 7 7 5 5 8 6 8
9 16 5 0 0 6 1 6 7 1 2 6 6 2 8 2 7 3 3 8 7 4 4 8 5 7 7 5 5 8 6 8 8 6
9 14 5 0 0 6 6 0 1 6 7 1 6 2 2 8 7 3 3 8 7 4 4 8 7 5 8 5 8 6
9 15 5 0 0 6 6 0 1 6 7 1 2 6 6 2 8 2 7 3 3 8 7 4 4 8 7 5 8 5 8 6
9 16 0 5 5 0 6 0 6 1 1 7 2 6 8 2 3 7 7 3 8 3 4 7 8 4 5 7 7 5 8 5 8 6
9 16 0 5 5 0 6 0 6 1 1 7 2 6 6 2 8 2 3 7 8 3 4 7 8 4 5 7 7 5 8 5 8 6
9 17 0 5 5 0 0 6 6 0 1 6 7 1 2 6 8 2 3 7 7 3 8 3 4 7 7 4 8 4 7 5 8 5 8 6
9 15 0 5 6 0 6 1 1 7 8 1 2 6 8 2 3 7 3 8 8 3 4 7 8 4 5 7 7 5 8 7
9 15 0 5 6 0 6 1 1 7 8 1 2 6 2 8 8 2 3 7 7 3 8 3 4 7 8 4 5 7 8 7
9 16 0 5 6 0 6 1 1 7 8 1 2 6 6 2 8 2 3 7 3 8 8 3 4 7 8 4 5 7 7 5 8 7
9 16 0 5 0 6 6 0 6 1 1 7 8 1 2 6 2 8 8 2 3 7 8 3 4 7 8 4 5 7 7 5 8 7
9 16 0 5 0 6 6 0 6 1 1 7 8 1 2 6 6 2 8 2 3 7 7 3 8 3 4 7 8 4 5 7 8 7
9 15 5 0 0 6 1 6 7 1 1 8 6 2 2 8 8 2 7 3 3 8 7 4 4 8 5 7 7 5 7 8
9 17 5 0 0 6 1 6 6 1 7 1 1 8 8 1 2 6 6 2 8 2 3 7 7 3 3 8 7 4 4 8 7 5 7 8
9 16 0 5 5 0 0 6 1 6 7 1 1 8 6 2 2 8 8 2 7 3 3 8 8 3 7 4 4 8 7 5 7 8
9 16 0 5 5 0 6 0 1 6 1 7 8 1 2 6 2 8 8 2 3 7 8 3 4 7 8 4 5 7 7 5 8 7
9 15 0 5 5 0 6 0 6 1 1 7 8 1 2 6 8 2 3 7 7 3 8 3 4 7 8 4 5 7 8 7
9 17 0 5 5 0 6 0 6 1 1 7 7 1 8 1 2 6 6 2 2 8 8 2 3 7 8 3 4 7 8 4 5 7 8 7
9 15 0 5 6 0 1 6 6 1 7 1 6 2 2 8 3 7 7 3 3 8 7 4 4 8 7 5 5 8 7 8
9 16 0 5 5 0 0 6 1 6 1 7 7 1 6 2 2 8 8 2 7 3 3 8 7 4 4 8 7 5 5 8 7 8
9 16 0 5 5 0 0 6 7 0 8 0 1 6 7 1 2 6 8 2 3 7 7 3 3 8 4 8 8 4 8 5 7 6
9 15 0 5 6 0 7 0 6 1 7 1 1 8 6 2 2 8 7 3 3 8 4 8 8 4 5 8 8 5 6 7
9 17 5 0 0 6 0 7 8 0 1 6 6 1 8 1 2 6 2 8 8 2 3 7 8 3 4 7 7 4 8 5 6 7 7 6
9 17 0 5 5 0 0 6 0 7 8 0 1 6 1 8 8 1 2 6 8 2 3 7 8 3 4 7 7 4 8 5 6 7 7 6
9 15 0 5 6 0 7 0 6 1 1 8 6 2 2 8 7 3 3 8 7 4 4 8 5 8 8 5 6 7 7 6
9 16 0 5 0 6 6 0 0 7 6 1 1 8 6 2 2 8 7 3 3 8 8 3 7 4 4 8 8 4 5 8 7 6
9 16 0 5 0 6 6 0 0 7 6 1 1 8 6 2 2 8 3 7 7 3 3 8 7 4 4 8 5 8 8 5 6 7
9 16 0 5 0 6 6 0 0 7 6 1 1 8 8 1 6 2 2 8 8 2 7 3 3 8 7 4 4 8 5 8 6 7
9 17 0 5 0 6 6 0 7 0 6 1 1 8 8 1 6 2 2 8 7 3 3 8 7 4 4 8 5 8 8 5 6 7 7 6
9 14 5 0 0 6 7 0 1 6 6 1 8 1 2 6 8 2 3 7 8 3 4 7 8 4 8 5 6 7
9 16 5 0 0 6 6 0 7 0 1 6 8 1 2 6 8 2 3 7 8 3 4 7 8 4 5 8 8 5 6 7 7 6
9 16 5 0 0 6 6 0 7 0 1 6 8 1 2 6 8 2 3 7 3 8 8 3 4 7 8 4 8 5 6 7 7 6
9 17 5 0 0 6 6 0 7 0 1 6 8 1 2 6 8 2 3 7 3 8 8 3 4 7 8 4 5 8 8 5 6 7 7 6
9 16 5 0 0 6 6 0 7 0 1 6 8 1 2 6 8 2 3 7 7 3 8 3 4 7 8 4 5 8 8 5 7 6
9 16 5 0 0 6 6 0 7 0 1 6 8 1 2 6 8 2 3 7 7 3 8 3 4 7 7 4 8 4 8 5 7 6
9 15 5 0 0 6 6 0 7 0 1 6 1 8 8 1 2 6 8 2 3 7 8 3 4 7 8 4 8 5 6 7
9 16 5 0 0 6 6 0 7 0 1 6 1 8 8 1 2 6 8 2 3 7 8 3 4 7 8 4 8 5 6 7 7 6
9 16 5 0 0 6 6 0 7 0 1 6 6 1 8 1 2 6 8 2 3 7 8 3 4 7 8 4 8 5 6 7 7 6
9 16 5 0 0 6 6 0 7 0 1 6 6 1 8 1 2 6 6 2 8 2 3 7 8 3 4 7 8 4 8 5 7 6
9 18 5 0 0 6 6 0 0 7 7 0 1 6 1 8 8 1 2 6 8 2 3 7 8 3 4 7 8 4 5 8 8 5 6 7 7 6
9 16 0 5 5 0 0 6 6 0 7 0 1 6 1 8 8 1 2 6 8 2 3 7 8 3 4 7 8 4 8 5 7 6
9 17 0 5 5 0 0 6 6 0 7 0 1 6 8 1 2 6 8 2 3 7 7 3 8 3 4 7 7 4 8 4 7 6 8 6
9 16 0 5 6 0 0 7 6 1 1 8 6 2 2 8 7 3 3 8 8 3 4 7 7 4 5 8 8 5 6 7 6 8
9 16 0 5 6 0 7 0 6 1 1 8 6 2 2 8 7 3 3 8 8 3 4 7 7 4 5 8 8 5 6 7 6 8
9 16 0 5 5 0 0 6 0 7 1 6 1 8 8 1 2 6 8 2 3 7 8 3 4 7 7 4 8 5 7 6 8 6
9 17 0 5 0 6 0 7 7 0 6 1 1 8 8 1 2 6 6 2 7 3 3 8 8 3 7 4 4 8 5 8 7 6 6 8
9 16 0 5 6 0 7 0 6 1 1 8 2 6 6 2 7 3 3 8 8 3 7 4 4 8 5 8 6 7 7 6 6 8
9 17 0 5 0 6 6 0 0 7 6 1 1 8 2 6 6 2 3 7 7 3 3 8 7 4 4 8 8 4 5 8 6 7 6 8
9 15 5 0 6 0 0 7 1 6 6 1 8 1 2 6 6 2 3 7 8 3 4 7 8 4 8 5 7 6 8 6
9 16 0 5 5 0 6 0 0 7 7 0 1 6 8 1 2 6 6 2 3 7 8 3 4 7 8 4 8 5 7 6 8 6
9 16 5 0 6 0 7 0 0 8 6 1 1 8 6 2 2 8 7 3 3 8 8 3 4 8 8 4 5 7 7 5 7 6
9 15 0 5 6 0 7 0 6 1 1 8 6 2 2 8 7 3 3 8 4 8 8 4 7 5 5 8 6 7 7 6
9 16 5 0 6 0 0 8 8 0 6 1 7 1 1 8 6 2 2 8 7 3 3 8 4 8 8 4 7 5 6 7 7 6
9 16 0 5 0 6 8 0 1 6 6 1 7 1 2 6 8 2 3 7 7 3 8 3 4 8 8 4 5 7 8 5 7 6
9 16 0 5 6 0 8 0 1 6 6 1 1 7 2 6 2 8 8 2 3 7 8 3 4 8 8 4 5 7 8 5 6 7
9 16 0 5 6 0 6 1 1 7 8 1 2 6 6 2 8 2 3 7 3 8 8 3 4 8 8 4 5 7 6 7 8 6
9 16 0 5 0 6 8 0 1 6 6 1 8 1 2 6 8 2 3 7 8 3 4 7 8 4 5 7 7 5 6 7 7 6
9 16 0 5 0 6 0 8 8 0 1 6 8 1 2 6 8 2 3 7 8 3 4 7 8 4 5 7 7 5 6 7 7 6
9 17 0 5 0 6 0 8 8 0 1 6 6 1 8 1 2 6 8 2 3 7 8 3 4 7 8 4 5 7 7 5 6 7 7 6
9 16 0 5 0 6 6 0 0 8 6 1 1 8 6 2 2 8 7 3 3 8 8 3 7 4 4 8 5 7 7 5 6 7
9 16 0 5 0 6 6 0 0 8 6 1 1 8 6 2 2 8 3 7 7 3 3 8 7 4 4 8 8 4 5 7 6 7
9 16 0 5 0 6 6 0 0 8 6 1 1 8 8 1 6 2 2 8 3 7 7 3 3 8 7 4 4 8 5 7 6 7
9 15 5 0 6 0 0 8 6 1 1 8 6 2 2 8 7 3 3 8 8 3 7 4 4 8 7 5 6 7 7 6
9 16 5 0 6 0 0 8 8 0 6 1 1 8 8 1 6 2 2 8 7 3 3 8 7 4 4 8 7 5 6 7 7 6
9 16 5 0 0 6 6 0 8 0 1 6 6 1 8 1 2 6 8 2 3 7 8 3 4 7 8 4 5 7 7 5 7 6
9 16 0 5 5 0 0 6 6 0 8 0 1 6 8 1 2 6 8 2 3 7 3 8 8 3 4 7 8 4 7 5 7 6
9 17 0 5 5 0 0 6 6 0 8 0 1 6 1 8 8 1 2 6 8 2 3 7 8 3 4 7 8 4 7 5 6 7 7 6
9 16 5 0 6 0 0 8 6 1 1 8 6 2 2 8 7 3 3 8 8 3 4 7 7 4 7 5 5 8 6 7 7 6
9 17 0 5 0 6 0 8 8 0 1 6 6 1 8 1 2 6 8 2 3 7 8 3 4 7 7 4 5 7 6 7 7 6 8 6
9 17 0 5 0 6 0 8 8 0 1 6 6 1 8 1 2 6 6 2 3 7 8 3 4 7 8 4 5 7 6 7 7 6 8 6
9 16 0 5 6 0 1 6 8 1 6 2 2 8 8 2 3 7 8 3 4 7 8 4 5 7 7 5 6 7 6 8 8 6
9 16 0 5 0 6 6 0 6 1 1 8 6 2 2 8 7 3 3 8 8 3 7 4 4 8 5 7 7 5 6 7 6 8
9 16 0 5 0 6 6 0 6 1 1 8 6 2 2 8 3 7 7 3 3 8 7 4 4 8 8 4 5 7 6 7 6 8
9 17 0 5 0 6 6 0 6 1 1 8 6 2 2 8 3 7 7 3 3 8 4 7 7 4 4 8 5 7 7 5 6 7 6 8
9 17 0 5 0 6 6 0 6 1 1 8 8 1 6 2 2 8 3 7 7 3 3 8 7 4 4 8 8 4 5 7 6 7 6 8
9 16 5 0 0 6 6 1 1 8 8 1 6 2 2 8 8 2 7 3 3 8 7 4 4 8 5 7 7 5 7 6 6 8
9 15 5 0 0 6 6 0 1 6 8 1 2 6 8 2 3 7 8 3 7 4 4 8 8 4 7 5 7 6 8 6
9 17 5 0 0 6 6 0 1 6 8 1 2 6 8 2 3 7 7 3 8 3 4 7 4 8 8 4 5 7 7 5 7 6 8 6
9 16 0 5 5 0 6 0 6 1 1 8 6 2 2 8 7 3 3 8 8 3 7 4 4 8 5 7 7 5 7 6 6 8
9 16 0 5 5 0 7 0 1 6 1 7 7 1 1 8 2 6 7 2 2 8 6 3 3 8 4 8 8 4 5 8 7 8
9 16 0 5 0 7 7 0 1 6 7 1 1 8 2 6 7 2 3 6 6 3 8 3 4 8 8 4 5 8 8 6 7 8
9 15 0 5 0 7 8 0 1 6 6 1 1 7 7 1 8 1 2 6 8 2 3 6 8 3 4 7 8 4 5 8
9 16 5 0 0 7 7 0 8 0 1 6 6 1 1 7 7 1 8 1 2 6 8 2 3 6 8 3 4 7 8 4 8 5
9 17 5 0 0 7 7 0 1 6 6 1 1 7 7 1 8 1 2 6 8 2 3 6 8 3 4 7 4 8 8 4 8 5 8 6
9 17 5 0 0 7 7 0 1 6 6 1 1 7 7 1 8 1 2 6 8 2 3 6 8 3 4 7 7 4 8 4 8 5 8 6
9 16 0 5 5 0 0 7 1 6 6 1 1 7 7 1 8 1 2 6 8 2 3 6 8 3 4 7 8 4 8 5 8 6
9 15 0 5 5 0 7 0 6 1 1 7 1 8 6 2 2 8 6 3 3 8 7 4 4 8 8 4 5 8 6 8
9 16 5 0 0 7 7 0 8 0 6 1 1 7 2 6 6 2 8 2 3 6 6 3 8 3 4 7 8 4 8 5 8 7
9 17 5 0 0 7 7 0 8 0 1 6 6 1 1 7 7 1 2 6 8 2 3 6 8 3 4 7 7 4 8 4 8 5 8 7
9 17 5 0 0 7 7 0 8 0 1 6 6 1 1 7 7 1 2 6 2 8 8 2 3 6 8 3 4 7 8 4 8 5 8 7
9 16 5 0 0 7 1 6 6 1 1 7 7 1 8 1 2 6 8 2 3 6 8 3 4 7 4 8 8 4 8 5 8 7
9 16 0 5 5 0 0 7 1 6 6 1 1 7 7 1 8 1 2 6 8 2 3 6 8 3 4 7 8 4 8 5 8 7
9 17 0 5 5 0 0 7 1 6 6 1 1 7 7 1 8 1 2 6 6 2 8 2 3 6 8 3 4 7 8 4 8 5 8 7
9 16 0 5 5 0 7 0 1 6 7 1 2 6 6 2 8 2 3 6 6 3 8 3 7 4 4 8 5 8 8 6 7 8
9 16 0 5 5 0 0 7 8 0 6 1 1 7 7 1 8 1 6 2 2 7 8 2 3 6 8 3 4 7 7 4 8 4
9 16 0 5 5 0 0 7 8 0 6 1 1 7 7 1 8 1 6 2 2 7 8 2 3 6 3 8 8 3 4 7 8 4
9 17 0 5 5 0 0 7 8 0 1 6 6 1 7 1 8 1 2 6 6 2 7 2 8 2 3 6 8 3 4 7 4 8 8 4
9 14 0 5 7 0 0 8 1 6 7 1 1 8 2 6 2 7 7 2 6 3 3 8 7 4 4 8 5 8
9 16 0 5 0 7 7 0 0 8 1 6 7 1 1 8 2 6 7 2 6 3 3 8 8 3 7 4 4 8 8 4 5 8
9 16 0 5 0 7 7 0 0 8 6 1 7 1 1 8 2 6 6 2 7 2 6 3 3 8 7 4 4 8 5 8 8 5
9 17 0 5 0 7 7 0 0 8 1 6 6 1 7 1 1 8 2 6 6 2 7 2 6 3 3 8 7 4 4 8 8 4 5 8
9 15 5 0 0 7 7 0 8 0 1 6 1 7 8 1 6 2 2 7 3 6 3 8 8 3 4 7 8 4 8 5
9 15 5 0 0 7 7 0 8 0 1 6 1 7 8 1 6 2 2 7 7 2 3 6 8 3 4 7 8 4 8 5
9 16 5 0 0 7 7 0 8 0 1 6 1 7 8 1 6 2 2 7 7 2 3 6 3 8 8 3 4 7 8 4 8 5
9 15 5 0 0 7 7 0 8 0 6 1 1 7 8 1 6 2 2 7 3 6 3 8 8 3 4 7 8 4 8 5
9 17 5 0 0 7 7 0 8 0 1 6 6 1 1 7 8 1 6 2 2 7 7 2 3 6 6 3 8 3 4 7 8 4 8 5
9 17 5 0 0 7 7 0 8 0 1 6 6 1 1 7 8 1 2 6 6 2 2 7 3 6 3 8 8 3 4 7 8 4 8 5
9 16 5 0 0 7 7 0 8 0 1 6 6 1 1 7 8 1 2 6 6 2 7 2 3 6 8 3 4 7 8 4 8 5
9 16 0 5 7 0 1 6 1 7 7 1 1 8 2 6 7 2 2 8 3 6 6 3 3 8 7 4 4 8 8 4 5 8
9 15 0 5 7 0 1 6 1 7 7 1 1 8 6 2 7 2 2 8 6 3 3 8 7 4 4 8 5 8 8 5
9 15 5 0 0 7 6 1 1 7 7 1 8 1 6 2 2 7 8 2 3 6 8 3 4 7 8 4 5 8 8 5
9 15 5 0 0 7 6 1 1 7 7 1 8 1 6 2 2 7 8 2 3 6 8 3 4 7 7 4 8 4 8 5
9 16 5 0 0 7 6 1 1 7 7 1 8 1 6 2 2 7 8 2 3 6 3 8 8 3 4 7 7 4 8 4 8 5
9 15 5 0 0 7 7 0 6 1 1 7 7 1 8 1 6 2 2 7 8 2 3 6 8 3 4 7 8 4 8 5
9 17 5 0 0 7 7 0 6 1 1 7 7 1 8 1 6 2 2 7 8 2 3 6 6 3 8 3 4 7 7 4 8 4 8 5
9 16 5 0 0 7 7 0 1 6 6 1 7 1 8 1 2 6 6 2 7 2 8 2 3 6 8 3 4 7 8 4 8 5
9 15 0 5 5 0 0 7 1 6 1 7 8 1 6 2 2 7 7 2 8 2 3 6 8 3 4 7 8 4 8 5
9 15 0 5 5 0 0 7 8 0 6 1 1 7 8 1 6 2 2 7 3 6 6 3 8 3 4 7 8 4 6 8
9 16 0 5 5 0 7 0 0 8 1 6 7 1 1 8 2 6 7 2 3 6 6 3 8 3 4 7 7 4 4 8 8 6
9 16 5 0 0 7 6 1 1 7 7 1 8 1 6 2 2 7 8 2 3 6 6 3 4 7 8 4 8 5 6 8 8 6
9 15 5 0 0 7 7 0 6 1 1 7 8 1 6 2 2 7 8 2 3 6 6 3 4 7 8 4 8 5 8 6
9 15 0 5 0 7 8 0 6 1 1 7 6 2 2 7 3 6 6 3 8 3 4 7 8 4 5 8 8 5 6 8
9 16 0 5 7 0 0 8 1 6 7 1 2 6 7 2 3 6 6 3 8 3 7 4 4 8 8 4 5 8 8 5 8 6
9 16 0 5 7 0 0 8 1 6 6 1 7 1 2 6 7 2 3 6 6 3 8 3 7 4 4 8 5 8 8 5 8 6
9 15 0 5 0 7 7 0 0 8 1 6 7 1 2 6 7 2 6 3 3 8 7 4 4 8 8 4 5 8 8 6
9 15 0 5 0 7 7 0 0 8 1 6 7 1 2 6 7 2 6 3 3 8 8 3 7 4 4 8 5 8 8 6
9 16 0 5 0 7 7 0 0 8 1 6 7 1 2 6 7 2 3 6 6 3 8 3 7 4 4 8 5 8 6 8 8 6
9 16 0 5 0 7 7 0 0 8 1 6 7 1 2 6 7 2 3 6 6 3 8 3 7 4 4 8 8 4 5 8 6 8
9 17 0 5 0 7 7 0 0 8 1 6 7 1 2 6 7 2 3 6 6 3 3 8 8 3 7 4 4 8 5 8 8 5 6 8
9 17 0 5 0 7 7 0 0 8 1 6 1 7 7 1 2 6 7 2 6 3 3 8 8 3 7 4 4 8 5 8 8 5 6 8
9 15 5 0 0 7 8 0 6 1 1 7 6 2 2 7 6 3 3 8 8 3 4 7 8 4 8 5 6 8 8 6
9 16 5 0 0 7 7 0 8 0 6 1 1 7 6 2 2 7 6 3 3 8 8 3 4 7 8 4 8 5 6 8 8 6
9 18 5 0 0 7 7 0 8 0 6 1 1 7 7 1 6 2 2 7 3 6 6 3 3 8 8 3 4 7 8 4 8 5 6 8 8 6
9 16 5 0 0 7 7 0 8 0 6 1 1 7 7 1 6 2 2 7 7 2 3 6 8 3 4 7 8 4 8 5 8 6
9 16 5 0 0 7 7 0 8 0 1 6 6 1 1 7 6 2 2 7 3 6 8 3 4 7 7 4 8 4 8 5 8 6
9 15 0 5 7 0 1 6 1 7 7 1 1 8 2 6 7 2 3 6 8 3 7 4 4 8 5 8 8 5 6 8
9 16 0 5 7 0 1 6 1 7 7 1 1 8 2 6 7 2 6 3 3 8 8 3 7 4 4 8 5 8 6 8 8 6
9 16 0 5 7 0 1 6 6 1 1 7 1 8 6 2 2 7 7 2 6 3 3 8 7 4 4 8 5 8 8 5 6 8
9 15 0 5 0 7 7 0 1 6 7 1 8 1 2 6 7 2 3 6 8 3 7 4 4 8 8 4 5 8 8 6
9 16 5 0 0 7 6 1 1 7 7 1 8 1 6 2 2 7 7 2 3 6 8 3 4 7 7 4 8 4 8 5 8 6
9 17 5 0 0 7 7 0 1 6 1 7 1 8 8 1 2 6 6 2 2 7 7 2 3 6 8 3 4 7 8 4 8 5 8 6
9 15 5 0 0 7 7 0 6 1 1 7 1 8 6 2 2 7 3 6 6 3 3 8 4 7 8 4 8 5 6 8
9 15 5 0 0 7 7 0 6 1 1 7 8 1 6 2 2 7 6 3 3 8 8 3 4 7 8 4 8 5 6 8
9 16 5 0 0 7 7 0 6 1 1 7 7 1 8 1 6 2 2 7 3 6 3 8 8 3 4 7 8 4 8 5 8 6
9 16 5 0 0 7 7 0 1 6 6 1 7 1 8 1 2 6 6 2 7 2 3 6 8 3 4 7 8 4 8 5 8 6
9 16 0 5 5 0 0 7 1 6 1 7 1 8 8 1 6 2 2 7 6 3 3 8 8 3 4 7 8 4 8 5 6 8
9 16 0 5 5 0 0 7 6 1 1 7 7 1 8 1 2 6 2 7 7 2 3 6 8 3 4 7 8 4 8 5 8 6
9 16 0 5 5 0 0 7 6 1 1 7 7 1 8 1 6 2 2 7 3 6 8 3 4 7 7 4 8 4 8 5 8 6
9 16 0 5 5 0 0 7 6 1 1 7 7 1 8 1 6 2 2 7 3 6 6 3 8 3 4 7 8 4 8 5 8 6
9 16 0 5 5 0 0 7 1 6 6 1 7 1 8 1 2 6 7 2 3 6 8 3 4 7 4 8 8 4 8 5 8 6
9 16 0 5 5 0 0 7 1 6 6 1 7 1 8 1 2 6 2 7 7 2 3 6 8 3 4 7 8 4 8 5 8 6
9 16 0 5 5 0 0 7 8 0 6 1 1 7 8 1 6 2 2 7 7 2 3 6 6 3 8 3 4 7 8 4 8 7
9 16 0 5 5 0 0 7 1 6 1 7 8 1 6 2 2 7 7 2 8 2 3 6 8 3 4 7 7 4 8 5 8 7
9 17 0 5 7 0 1 6 1 7 7 1 1 8 6 2 7 2 2 8 8 2 3 6 6 3 7 4 4 8 5 8 8 5 7 8
9 16 5 0 0 7 7 0 8 0 6 1 1 7 7 1 6 2 2 7 7 2 3 6 8 3 4 7 8 4 8 5 8 7
9 15 0 5 7 0 1 6 7 1 1 8 2 6 2 7 7 2 6 3 3 8 7 4 4 8 5 8 8 5 7 8
9 16 0 5 7 0 6 1 7 1 1 8 2 6 7 2 6 3 3 8 8 3 4 7 7 4 4 8 5 8 8 5 7 8
9 15 0 5 7 0 6 1 7 1 1 8 2 6 2 7 7 2 6 3 3 8 7 4 4 8 5 8 8 5 7 8
9 15 0 5 7 0 6 1 7 1 1 8 2 6 2 7 7 2 6 3 3 8 7 4 4 8 8 4 5 8 7 8
9 15 0 5 7 0 6 1 7 1 1 8 2 6 2 7 7 2 6 3 3 8 8 3 7 4 4 8 5 8 7 8
9 16 0 5 7 0 6 1 7 1 1 8 2 6 2 7 7 2 3 6 6 3 3 8 7 4 4 8 5 8 8 5 7 8
9 15 0 5 7 0 6 1 7 1 1 8 2 6 6 2 7 2 6 3 3 8 7 4 4 8 5 8 8 5 7 8
9 15 0 5 7 0 6 1 7 1 1 8 2 6 6 2 7 2 6 3 3 8 4 7 7 4 4 8 5 8 7 8
9 16 0 5 7 0 6 1 7 1 1 8 2 6 6 2 7 2 6 3 3 8 8 3 7 4 4 8 5 8 8 5 7 8
9 16 0 5 7 0 1 6 6 1 7 1 1 8 8 1 2 6 7 2 3 6 6 3 8 3 7 4 4 8 5 8 7 8
9 15 0 5 0 7 7 0 6 1 7 1 1 8 2 6 6 2 7 2 6 3 3 8 7 4 4 8 5 8 7 8
9 15 0 5 5 0 0 7 1 6 1 7 8 1 6 2 2 7 3 6 3 8 8 3 4 7 8 4 8 5 8 7
9 16 0 5 5 0 0 7 1 6 1 7 8 1 2 6 6 2 2 7 3 6 8 3 4 7 4 8 8 4 8 5 8 7
9 16 0 5 5 0 0 7 1 6 1 7 1 8 8 1 6 2 2 7 3 6 6 3 8 3 4 7 8 4 8 5 8 7
9 16 0 5 5 0 0 7 6 1 1 7 8 1 6 2 2 7 7 2 3 6 8 3 4 7 7 4 8 4 8 5 8 7
9 17 0 5 5 0 0 7 1 6 6 1 1 7 8 1 6 2 2 7 7 2 3 6 3 8 8 3 4 7 8 4 8 5 8 7
9 16 0 5 5 0 7 0 0 8 8 0 1 6 6 1 7 1 8 1 2 6 8 2 3 6 8 3 7 4 4 8 7 5
9 16 0 5 0 7 8 0 6 1 1 7 7 1 8 1 2 6 2 8 8 2 3 6 6 3 4 7 8 4 5 7 8 5
9 16 0 5 0 7 8 0 1 6 6 1 1 7 7 1 2 6 8 2 3 6 8 3 4 7 4 8 8 4 5 7 8 5
9 17 5 0 7 0 0 8 8 0 1 6 6 1 1 7 7 1 6 2 2 8 6 3 3 8 7 4 4 8 8 4 7 5 6 8
9 17 0 5 5 0 0 7 7 0 1 6 6 1 7 1 8 1 2 6 8 2 3 6 8 3 4 7 4 8 8 4 5 7 8 6
9 16 0 5 0 7 8 0 6 1 1 7 7 1 2 6 2 8 8 2 3 6 6 3 4 7 8 4 5 7 8 5 8 7
9 15 0 5 5 0 7 0 6 1 7 1 1 8 6 2 7 2 2 8 6 3 3 8 4 8 8 4 5 8 6 7
9 17 0 5 5 0 0 7 8 0 1 6 1 7 1 8 8 1 2 6 8 2 3 6 8 3 4 7 7 4 8 4 6 7 7 6
9 17 0 5 5 0 7 0 0 8 1 6 1 7 7 1 1 8 2 6 6 2 2 8 6 3 3 8 7 4 4 8 8 4 7 6
9 16 0 5 5 0 7 0 0 8 6 1 7 1 1 8 6 2 2 8 6 3 3 8 7 4 4 8 8 4 6 7 7 6
9 17 0 5 5 0 0 7 7 0 8 0 1 6 6 1 7 1 8 1 2 6 8 2 3 6 8 3 4 7 7 4 8 5 7 6
9 16 5 0 0 7 7 0 8 0 1 6 1 7 8 1 2 6 8 2 3 6 6 3 4 7 7 4 8 4 8 5 6 7
9 16 0 5 0 7 0 8 8 0 6 1 1 7 6 2 2 8 6 3 3 8 4 7 7 4 8 4 5 8 8 5 6 7
9 17 0 5 0 7 7 0 0 8 1 6 7 1 6 2 2 8 8 2 6 3 3 8 8 3 7 4 4 8 8 4 5 8 7 6
9 16 0 5 0 7 7 0 0 8 1 6 7 1 2 6 6 2 2 8 6 3 3 8 8 3 7 4 4 8 5 8 7 6
9 16 5 0 0 7 8 0 1 6 1 7 7 1 2 6 2 8 8 2 3 6 8 3 4 7 8 4 5 8 8 5 7 6
9 16 5 0 0 7 7 0 8 0 6 1 1 7 2 6 6 2 8 2 3 6 3 8 8 3 4 7 8 4 8 5 6 7
9 16 5 0 0 7 7 0 8 0 6 1 1 7 7 1 2 6 8 2 3 6 8 3 4 7 8 4 5 8 8 5 6 7
9 17 5 0 0 7 7 0 8 0 6 1 1 7 7 1 2 6 2 8 8 2 3 6 3 8 8 3 4 7 8 4 8 5 6 7
9 16 5 0 0 7 7 0 8 0 1 6 6 1 1 7 2 6 2 8 8 2 3 6 8 3 4 7 8 4 8 5 6 7
9 17 5 0 0 7 7 0 8 0 1 6 6 1 1 7 2 6 2 8 8 2 3 6 8 3 4 7 8 4 5 8 8 5 6 7
9 17 5 0 0 7 7 0 8 0 1 6 6 1 1 7 2 6 2 8 8 2 3 6 3 8 8 3 4 7 8 4 8 5 6 7
9 15 0 5 5 0 0 7 0 8 1 6 6 1 1 7 2 6 8 2 3 6 8 3 4 7 8 4 8 5 6 7
9 16 0 5 5 0 0 7 7 0 8 0 6 1 1 7 7 1 2 6 8 2 3 6 8 3 4 7 8 4 8 5 6 7
9 16 0 5 5 0 0 7 7 0 8 0 1 6 6 1 1 7 2 6 8 2 3 6 8 3 4 7 8 4 8 5 6 7
9 16 0 5 7 0 1 6 1 7 7 1 1 8 6 2 2 8 8 2 6 3 3 8 7 4 4 8 8 4 5 8 7 6
9 16 0 5 7 0 1 6 1 7 7 1 1 8 6 2 2 8 8 2 6 3 3 8 8 3 7 4 4 8 5 8 7 6
9 16 0 5 7 0 1 6 1 7 7 1 1 8 2 6 6 2 2 8 6 3 3 8 7 4 4 8 5 8 8 5 7 6
9 16 0 5 7 0 6 1 7 1 1 8 8 1 6 2 2 8 8 2 6 3 3 8 7 4 4 8 5 8 6 7 7 6
9 16 0 5 7 0 1 6 6 1 1 7 1 8 6 2 2 8 6 3 3 8 4 7 7 4 4 8 5 8 8 5 6 7
9 14 5 0 0 7 1 6 7 1 8 1 2 6 8 2 3 6 8 3 4 7 8 4 5 8 8 5 6 7
9 14 5 0 0 7 6 1 1 7 8 1 2 6 6 2 8 2 3 6 8 3 4 7 8 4 8 5 7 6
9 15 5 0 0 7 6 1 1 7 7 1 8 1 2 6 8 2 3 6 8 3 4 7 8 4 5 8 8 5 7 6
9 16 5 0 0 7 6 1 1 7 7 1 8 1 2 6 6 2 8 2 3 6 8 3 4 7 7 4 8 4 8 5 6 7
9 16 5 0 0 7 1 6 6 1 7 1 8 1 2 6 8 2 3 6 8 3 4 7 7 4 8 4 5 8 8 5 7 6
9 16 5 0 0 7 1 6 6 1 7 1 8 1 2 6 6 2 8 2 3 6 8 3 4 7 7 4 8 4 8 5 7 6
9 16 5 0 0 7 1 6 6 1 1 7 7 1 8 1 2 6 8 2 3 6 8 3 4 7 8 4 5 8 8 5 6 7
9 17 5 0 0 7 1 6 6 1 1 7 7 1 8 1 2 6 2 8 8 2 3 6 8 3 4 7 8 4 8 5 6 7 7 6
9 17 5 0 0 7 1 6 6 1 1 7 7 1 8 1 2 6 2 8 8 2 3 6 8 3 4 7 8 4 5 8 8 5 7 6
9 16 5 0 0 7 7 0 1 6 1 7 8 1 2 6 2 8 8 2 3 6 8 3 4 7 8 4 8 5 6 7 7 6
9 14 5 0 0 7 7 0 6 1 1 7 8 1 2 6 8 2 3 6 8 3 4 7 8 4 8 5 7 6
9 17 5 0 0 7 7 0 1 6 6 1 7 1 8 1 2 6 2 8 8 2 3 6 8 3 4 7 4 8 8 4 8 5 7 6
9 16 0 5 5 0 0 7 1 6 1 7 1 8 8 1 2 6 8 2 3 6 8 3 4 7 8 4 8 5 6 7 7 6
9 16 0 5 5 0 0 7 6 1 1 7 7 1 8 1 2 6 8 2 3 6 8 3 4 7 4 8 8 4 8 5 6 7
9 16 0 5 5 0 0 7 6 1 1 7 7 1 8 1 2 6 2 8 8 2 3 6 8 3 4 7 8 4 8 5 6 7
9 16 0 5 5 0 0 7 6 1 1 7 7 1 8 1 2 6 6 2 8 2 3 6 8 3 4 7 8 4 8 5 6 7
9 16 0 5 5 0 0 7 1 6 6 1 7 1 8 1 2 6 2 8 8 2 3 6 8 3 4 7 8 4 8 5 7 6
9 16 0 5 5 0 0 7 1 6 6 1 1 7 7 1 8 1 2 6 8 2 3 6 8 3 4 7 8 4 8 5 6 7
9 17 0 5 5 0 0 7 1 6 6 1 1 7 7 1 8 1 2 6 8 2 3 6 8 3 4 7 8 4 8 5 6 7 7 6
9 18 0 5 5 0 0 7 1 6 6 1 1 7 7 1 8 1 2 6 8 2 3 6 8 3 4 7 4 8 8 4 8 5 6 7 7 6
9 15 0 5 5 0 7 0 1 6 7 1 1 8 2 6 6 2 2 8 6 3 3 8 7 4 4 8 5 8 7 6
9 16 0 5 5 0 7 0 6 1 7 1 1 8 8 1 6 2 2 8 6 3 3 8 7 4 4 8 5 8 6 7 7 6
9 17 0 5 5 0 7 0 6 1 7 1 1 8 8 1 6 2 2 8 6 3 3 8 7 4 4 8 5 8 8 5 6 7 7 6
9 16 0 5 5 0 7 0 1 6 6 1 1 7 1 8 6 2 2 8 6 3 3 8 7 4 4 8 8 4 5 8 6 7
9 16 0 5 5 0 7 0 6 1 7 1 1 8 6 2 2 8 6 3 3 8 4 7 7 4 5 8 6 7 7 6 6 8
9 17 5 0 0 7 7 0 8 0 1 6 6 1 1 7 2 6 2 8 8 2 3 6 6 3 4 7 8 4 8 5 6 7 8 6
9 17 0 5 5 0 0 7 1 6 1 7 1 8 8 1 2 6 8 2 3 6 6 3 4 7 8 4 8 5 6 7 7 6 8 6
9 16 0 5 0 7 7 0 6 1 1 7 6 2 2 8 6 3 3 8 7 4 4 8 8 4 5 8 8 5 6 7 6 8
9 16 5 0 0 7 6 1 1 7 7 1 2 6 6 2 8 2 3 6 8 3 4 7 8 4 8 5 6 7 7 6 8 6
9 16 5 0 0 7 1 6 6 1 7 1 2 6 2 8 8 2 3 6 8 3 4 7 8 4 8 5 6 7 7 6 8 6
9 15 5 0 0 7 1 6 6 1 7 1 2 6 6 2 8 2 3 6 8 3 4 7 8 4 8 5 6 7 8 6
9 16 5 0 0 7 7 0 1 6 7 1 2 6 2 8 8 2 3 6 8 3 4 7 7 4 8 4 8 5 7 6 8 6
9 16 5 0 0 7 7 0 6 1 1 7 7 1 2 6 8 2 3 6 8 3 4 7 8 4 8 5 6 7 7 6 8 6
9 15 5 0 0 7 7 0 1 6 6 1 7 1 2 6 8 2 3 6 8 3 4 7 8 4 8 5 6 7 8 6
9 16 5 0 0 7 7 0 1 6 6 1 7 1 2 6 2 8 8 2 3 6 8 3 4 7 8 4 8 5 7 6 8 6
9 17 0 5 5 0 0 7 6 1 1 7 2 6 6 2 2 8 8 2 3 6 6 3 8 3 4 7 8 4 8 5 6 7 6 8
9 16 0 5 5 0 0 7 6 1 1 7 7 1 2 6 8 2 3 6 8 3 4 7 8 4 8 5 6 7 7 6 8 6
9 15 0 5 5 0 0 7 1 6 6 1 7 1 2 6 8 2 3 6 8 3 4 7 8 4 8 5 6 7 8 6
9 18 0 5 5 0 0 7 1 6 6 1 1 7 7 1 2 6 8 2 3 6 8 3 4 7 4 8 8 4 8 5 6 7 7 6 8 6
9 16 0 5 5 0 7 0 6 1 1 7 6 2 2 8 8 2 6 3 3 8 4 7 7 4 4 8 5 8 6 7 6 8
9 16 0 5 5 0 7 0 6 1 1 7 7 1 6 2 2 8 6 3 3 8 7 4 4 8 8 4 5 8 6 7 6 8
9 16 0 5 5 0 7 0 6 1 1 7 7 1 2 6 6 2 2 8 6 3 3 8 7 4 4 8 5 8 6 7 6 8
9 16 0 5 5 0 7 0 1 6 6 1 7 1 6 2 2 8 6 3 3 8 7 4 4 8 5 8 6 7 7 6 6 8
9 17 5 0 0 7 7 0 1 6 6 1 7 1 8 1 2 6 8 2 3 6 8 3 4 7 7 4 5 8 8 5 7 6 8 7
9 16 0 5 5 0 7 0 6 1 7 1 1 8 6 2 2 8 6 3 3 8 4 7 7 4 5 8 6 7 7 6 7 8
9 17 0 5 5 0 7 0 6 1 7 1 1 8 8 1 6 2 2 8 6 3 3 8 4 7 7 4 5 8 6 7 7 6 7 8
9 16 0 5 0 7 7 0 6 1 7 1 1 8 6 2 2 8 8 2 3 6 6 3 7 4 4 8 5 8 7 6 7 8
9 16 5 0 0 7 7 0 1 6 1 7 8 1 2 6 2 8 8 2 3 6 6 3 4 7 8 4 8 5 6 7 8 7
9 17 0 5 7 0 1 6 1 7 7 1 6 2 2 8 8 2 6 3 3 8 8 3 4 7 7 4 4 8 5 8 7 6 7 8
9 15 0 5 7 0 6 1 1 7 7 1 6 2 2 8 8 2 6 3 3 8 7 4 4 8 5 8 7 6 7 8
9 16 0 5 7 0 1 6 6 1 7 1 6 2 2 8 6 3 3 8 7 4 4 8 8 4 5 8 6 7 7 6 7 8
9 17 0 5 7 0 1 6 6 1 7 1 6 2 2 8 6 3 3 8 4 7 7 4 4 8 5 8 8 5 6 7 7 6 7 8
9 16 0 5 7 0 1 6 6 1 7 1 6 2 2 8 8 2 6 3 3 8 4 7 7 4 4 8 5 8 7 6 7 8
9 17 0 5 7 0 1 6 6 1 1 7 7 1 6 2 2 8 8 2 6 3 3 8 7 4 4 8 5 8 8 5 7 6 7 8
9 16 0 5 0 7 7 0 1 6 7 1 6 2 2 8 8 2 6 3 3 8 8 3 7 4 4 8 5 8 7 6 7 8
9 16 0 5 0 7 7 0 1 6 6 1 7 1 6 2 2 8 6 3 3 8 7 4 4 8 5 8 8 5 7 6 7 8
9 16 5 0 0 7 6 1 1 7 7 1 2 6 8 2 3 6 8 3 4 7 8 4 5 8 8 5 6 7 7 6 8 7
9 16 5 0 0 7 6 1 1 7 7 1 2 6 8 2 3 6 8 3 4 7 4 8 8 4 8 5 6 7 7 6 8 7
9 15 5 0 0 7 6 1 1 7 7 1 2 6 6 2 8 2 3 6 8 3 4 7 8 4 8 5 7 6 8 7
9 16 5 0 0 7 6 1 1 7 7 1 2 6 6 2 8 2 3 6 8 3 4 7 8 4 5 8 8 5 6 7 8 7
9 16 5 0 0 7 6 1 1 7 7 1 2 6 6 2 8 2 3 6 6 3 8 3 4 7 8 4 8 5 6 7 8 7
9 17 5 0 0 7 6 1 1 7 7 1 2 6 6 2 8 2 3 6 6 3 8 3 4 7 8 4 5 8 8 5 6 7 8 7
9 15 5 0 0 7 1 6 6 1 7 1 2 6 8 2 3 6 8 3 4 7 8 4 5 8 8 5 6 7 8 7
9 15 5 0 0 7 1 6 6 1 7 1 2 6 2 8 8 2 3 6 8 3 4 7 8 4 8 5 6 7 8 7
9 15 5 0 0 7 7 0 1 6 7 1 2 6 8 2 3 6 8 3 4 7 8 4 5 8 8 5 6 7 8 7
9 16 5 0 0 7 7 0 1 6 1 7 7 1 2 6 8 2 3 6 8 3 4 7 8 4 5 8 8 5 6 7 8 7
9 17 5 0 0 7 7 0 1 6 1 7 7 1 2 6 8 2 3 6 8 3 4 7 8 4 5 8 8 5 6 7 7 6 8 7
9 16 5 0 0 7 7 0 6 1 1 7 2 6 6 2 8 2 3 6 6 3 8 3 4 7 8 4 8 5 6 7 8 7
9 16 5 0 0 7 7 0 6 1 1 7 7 1 2 6 6 2 8 2 3 6 8 3 4 7 8 4 8 5 6 7 8 7
9 16 5 0 0 7 7 0 1 6 6 1 1 7 2 6 2 8 8 2 3 6 8 3 4 7 8 4 8 5 7 6 8 7
9 17 5 0 0 7 7 0 1 6 6 1 1 7 7 1 2 6 8 2 3 6 8 3 4 7 8 4 5 8 8 5 7 6 8 7
9 16 0 5 5 0 0 7 6 1 1 7 7 1 2 6 8 2 3 6 8 3 4 7 8 4 8 5 6 7 7 6 8 7
9 16 0 5 5 0 0 7 6 1 1 7 7 1 2 6 6 2 8 2 3 6 8 3 4 7 8 4 8 5 6 7 8 7
9 17 0 5 5 0 0 7 1 6 6 1 7 1 2 6 6 2 8 2 3 6 8 3 4 7 8 4 8 5 6 7 7 6 8 7
9 16 0 5 5 0 7 0 1 6 7 1 2 6 2 8 8 2 6 3 3 8 8 3 7 4 4 8 5 8 7 6 7 8
9 16 0 5 5 0 7 0 1 6 7 1 2 6 6 2 2 8 6 3 3 8 8 3 7 4 4 8 5 8 7 6 7 8
9 17 0 5 5 0 7 0 1 6 1 7 7 1 6 2 2 8 8 2 6 3 3 8 7 4 4 8 5 8 8 5 7 6 7 8
9 15 0 5 5 0 7 0 6 1 1 7 7 1 6 2 2 8 6 3 3 8 7 4 4 8 5 8 7 6 7 8
9 16 0 5 5 0 7 0 1 6 6 1 7 1 6 2 2 8 6 3 3 8 7 4 4 8 8 4 5 8 7 6 7 8
9 17 0 5 5 0 7 0 1 6 6 1 1 7 7 1 6 2 2 8 8 2 6 3 3 8 7 4 4 8 5 8 6 7 7 8
9 17 0 5 5 0 0 7 7 0 1 6 7 1 6 2 2 8 8 2 6 3 3 8 8 3 7 4 4 8 5 8 7 6 7 8
9 17 0 5 7 0 6 1 1 7 7 1 6 2 2 8 6 3 3 8 4 7 7 4 5 8 8 5 6 7 7 6 6 8 7 8
9 17 0 5 0 7 7 0 6 1 1 7 6 2 2 8 8 2 6 3 3 8 4 7 7 4 5 8 8 5 6 7 6 8 7 8
9 17 0 5 0 7 7 0 1 6 6 1 7 1 6 2 2 8 3 6 6 3 7 4 4 8 8 4 5 8 7 6 6 8 7 8
9 17 0 5 0 7 0 8 8 0 1 6 6 1 7 1 8 1 2 6 8 2 3 6 8 3 4 8 8 4 5 7 7 5 7 6
9 16 0 5 0 7 8 0 1 6 6 1 8 1 2 6 8 2 3 6 8 3 4 7 8 4 5 7 7 5 6 7 7 6
9 16 0 5 0 7 0 8 8 0 1 6 8 1 2 6 8 2 3 6 8 3 4 7 7 4 8 4 5 7 6 7 7 6
9 16 0 5 0 7 0 8 8 0 1 6 6 1 8 1 2 6 8 2 3 6 8 3 4 7 8 4 5 7 6 7 7 6
9 15 0 5 7 0 8 0 1 6 1 8 8 1 2 6 8 2 3 6 8 3 4 7 8 4 5 7 6 7 7 6
9 16 5 0 7 0 0 8 8 0 6 1 1 8 6 2 2 8 6 3 3 8 7 4 4 8 8 4 7 5 6 7 7 6
9 16 5 0 7 0 0 8 8 0 6 1 1 8 8 1 6 2 2 8 6 3 3 8 7 4 4 8 7 5 6 7 7 6
9 16 0 5 0 7 8 0 1 6 6 1 8 1 2 6 8 2 3 6 8 3 4 7 7 4 5 7 8 5 6 7 7 6
9 16 0 5 7 0 0 8 6 1 1 8 6 2 2 8 3 6 6 3 7 4 4 8 8 4 7 5 5 8 6 7 7 6
9 16 5 0 6 0 0 7 7 0 1 6 8 1 2 7 2 8 8 2 3 7 8 3 4 8 8 4 6 5 8 5 8 7
9 16 0 5 0 6 6 0 0 7 0 8 6 1 1 7 7 1 7 2 2 8 7 3 3 8 4 8 8 4 6 5 5 8
9 16 0 5 0 6 0 7 7 0 6 1 7 1 1 8 7 2 2 8 7 3 3 8 4 8 8 4 6 5 5 8 8 5
9 16 5 0 6 0 0 7 7 0 1 6 1 7 1 8 8 1 2 7 8 2 3 7 8 3 4 8 8 4 6 5 8 5
9 16 0 5 0 6 7 0 0 8 1 6 7 1 7 2 2 8 8 2 7 3 3 8 4 8 8 4 5 6 6 5 6 8
9 17 0 5 0 6 0 7 7 0 1 6 7 1 7 2 2 8 7 3 3 8 4 8 8 4 5 6 6 5 5 8 8 5 7 8
9 16 0 5 6 0 7 0 1 6 7 1 7 2 2 8 8 2 7 3 3 8 4 8 8 4 6 5 5 8 8 5 7 8
9 17 0 5 0 6 0 7 7 0 1 6 7 1 7 2 2 8 8 2 7 3 3 8 4 8 8 4 5 6 6 8 8 6 7 8
9 17 0 5 0 6 0 7 7 0 0 8 1 6 6 1 1 8 8 1 7 2 2 8 8 2 7 3 3 8 7 4 4 8 5 6
9 17 0 5 0 6 6 0 0 7 7 0 8 0 1 6 8 1 2 7 2 8 8 2 3 7 8 3 4 7 8 4 5 6 6 5
9 15 5 0 0 6 0 7 7 0 8 0 1 6 8 1 2 7 8 2 3 7 8 3 4 7 7 4 6 5 8 5
9 18 0 5 5 0 0 6 6 0 0 7 7 0 8 0 1 6 8 1 2 7 8 2 3 7 8 3 4 7 7 4 5 6 6 5 8 5
9 15 0 5 0 6 0 7 7 0 6 1 1 8 8 1 7 2 2 8 7 3 3 8 7 4 4 8 5 6 5 8
9 15 0 5 0 6 0 7 7 0 6 1 1 8 8 1 7 2 2 8 7 3 3 8 7 4 4 8 6 5 5 8
9 17 0 5 0 6 6 0 0 7 7 0 1 6 1 8 8 1 2 7 8 2 3 7 8 3 4 7 8 4 5 6 6 5 8 5
9 16 0 5 0 6 6 0 0 7 7 0 6 1 1 8 7 2 2 8 8 2 7 3 3 8 7 4 4 8 6 5 5 8
9 15 5 0 6 0 0 7 7 0 1 6 8 1 2 7 2 8 8 2 3 7 8 3 4 7 8 4 6 5 8 5
9 15 5 0 6 0 0 7 7 0 1 6 8 1 2 7 7 2 8 2 3 7 8 3 4 7 8 4 6 5 8 5
9 15 5 0 6 0 0 7 7 0 1 6 1 8 8 1 2 7 8 2 3 7 8 3 4 7 8 4 5 6 8 5
9 17 5 0 6 0 0 7 7 0 1 6 6 1 8 1 2 7 2 8 8 2 3 7 8 3 4 7 8 4 5 6 6 5 8 5
9 16 5 0 6 0 0 7 7 0 1 6 6 1 8 1 2 7 7 2 8 2 3 7 8 3 4 7 8 4 6 5 8 5
9 15 0 5 0 6 0 7 7 0 6 1 1 8 8 1 7 2 2 8 7 3 3 8 7 4 4 8 5 6 8 6
9 17 0 5 0 6 6 0 0 7 7 0 1 6 1 8 8 1 2 7 8 2 3 7 8 3 4 7 8 4 5 6 6 5 8 6
9 16 0 5 5 0 0 6 0 7 7 0 1 6 6 1 8 1 2 7 8 2 3 7 8 3 4 7 8 4 6 5 8 6
9 16 0 5 5 0 6 0 0 7 7 0 1 6 8 1 2 7 8 2 3 7 8 3 4 7 8 4 6 5 6 8 8 6
9 16 0 5 5 0 6 0 0 7 7 0 1 6 8 1 2 7 2 8 8 2 3 7 8 3 4 7 8 4 6 5 8 6
9 16 0 5 5 0 6 0 0 7 7 0 1 6 6 1 8 1 2 7 8 2 3 7 8 3 4 7 8 4 6 5 8 6
9 17 0 5 0 6 0 7 7 0 1 6 8 1 2 7 7 2 8 2 3 7 8 3 4 7 7 4 5 6 6 5 8 5 8 6
9 16 5 0 0 6 6 0 0 7 7 0 1 6 8 1 2 7 8 2 3 7 8 3 4 7 7 4 6 5 8 5 8 6
9 16 5 0 6 0 0 7 7 0 1 6 6 1 2 7 8 2 3 7 8 3 4 7 8 4 6 5 8 5 6 8 8 6
9 16 5 0 6 0 0 7 7 0 1 6 6 1 2 7 7 2 8 2 3 7 8 3 4 7 8 4 6 5 8 5 8 6
9 16 0 5 0 6 6 0 0 8 1 6 1 7 7 1 1 8 7 2 2 8 7 3 3 8 7 4 4 8 5 6 6 5
9 17 0 5 5 0 0 6 6 0 8 0 1 6 6 1 1 7 7 1 8 1 2 7 8 2 3 7 8 3 4 7 8 4 5 6
9 16 0 5 0 6 8 0 1 6 6 1 1 7 7 1 2 7 7 2 8 2 3 7 8 3 4 7 8 4 5 6 8 5
9 14 0 5 6 0 0 8 1 6 6 1 7 1 7 2 2 8 7 3 3 8 7 4 4 8 6 5 5 8
9 17 5 0 6 0 0 8 8 0 1 6 6 1 1 7 7 1 7 2 2 8 8 2 7 3 3 8 7 4 4 8 6 5 6 8
9 16 0 5 5 0 0 6 6 0 0 8 1 6 1 7 7 1 7 2 2 8 7 3 3 8 7 4 4 8 5 6 6 8
9 17 0 5 0 6 0 8 8 0 1 6 6 1 1 7 7 1 8 1 2 7 8 2 3 7 8 3 4 7 7 4 5 6 8 7
9 16 0 5 5 0 0 6 0 8 1 6 1 7 7 1 1 8 7 2 2 8 7 3 3 8 4 7 7 4 6 5 7 8
9 15 0 5 0 6 0 8 8 0 6 1 1 7 2 7 7 2 8 2 3 7 8 3 4 7 8 4 5 6 8 7
9 15 5 0 6 0 0 8 1 6 6 1 7 1 2 7 7 2 2 8 7 3 3 8 7 4 4 8 6 5 7 8
9 16 0 5 5 0 6 0 0 8 8 0 1 6 1 7 7 1 7 2 2 8 7 3 3 8 7 4 4 8 6 5 7 8
9 17 0 5 5 0 0 6 6 0 8 0 6 1 1 7 7 1 2 7 7 2 8 2 3 7 8 3 4 7 8 4 6 5 8 7
9 17 0 5 5 0 0 6 6 0 0 8 8 0 6 1 1 7 7 1 2 7 8 2 3 7 8 3 4 7 8 4 6 5 8 7
9 17 0 5 0 6 6 0 1 6 6 1 1 7 2 7 2 8 8 2 3 7 8 3 4 7 8 4 5 6 6 5 8 6 8 7
9 16 0 5 5 0 0 6 1 6 6 1 7 1 2 7 7 2 2 8 7 3 3 8 7 4 4 8 6 5 6 8 7 8
9 15 0 5 0 6 7 0 1 6 7 1 1 8 2 6 2 7 7 2 6 3 3 8 8 3 7 4 4 8 5 8
9 16 0 5 0 6 6 0 0 7 6 1 7 1 1 8 8 1 6 2 2 7 7 2 6 3 3 8 7 4 4 8 5 8
9 15 5 0 0 6 0 7 1 6 1 7 8 1 2 6 7 2 3 6 8 3 4 7 7 4 8 4 5 8 8 5
9 15 5 0 0 6 7 0 1 6 1 7 8 1 2 6 6 2 7 2 3 6 8 3 4 7 8 4 5 8 8 5
9 15 5 0 0 6 7 0 1 6 1 7 8 1 2 6 6 2 7 2 3 6 8 3 4 7 4 8 8 4 8 5
9 16 5 0 0 6 6 0 7 0 1 6 1 7 1 8 8 1 2 6 7 2 3 6 8 3 4 7 7 4 8 4 8 5
9 16 5 0 0 6 6 0 7 0 1 6 1 7 1 8 8 1 2 6 2 7 7 2 3 6 8 3 4 7 8 4 8 5
9 16 5 0 0 6 6 0 7 0 1 6 1 7 7 1 1 8 2 6 7 2 3 6 8 3 7 4 4 8 8 4 8 5
9 16 5 0 0 6 6 0 8 0 1 6 1 7 7 1 1 8 2 6 7 2 2 8 3 6 7 3 4 8 8 4 7 5
9 16 0 5 0 6 6 0 0 8 6 1 1 7 1 8 6 2 2 7 6 3 3 7 4 8 8 4 5 7 7 5 8 5
9 15 0 5 0 6 8 0 6 1 1 7 7 1 6 2 2 7 3 6 8 3 4 7 4 8 8 4 5 7 8 5
9 14 0 5 0 6 8 0 1 6 6 1 7 1 6 2 2 7 3 6 8 3 4 7 8 4 5 7 8 5
9 15 0 5 0 6 0 8 8 0 1 6 1 7 7 1 2 6 7 2 3 6 8 3 4 7 8 4 5 7 8 5
9 15 0 5 6 0 0 8 6 1 1 7 7 1 6 2 2 7 6 3 3 8 7 4 4 8 8 4 5 7 5 8
9 16 0 5 6 0 0 8 1 6 6 1 1 7 6 2 2 7 7 2 6 3 3 8 7 4 4 8 8 4 7 5 5 8
9 15 0 5 6 0 0 8 1 6 6 1 7 1 6 2 2 7 7 2 6 3 3 8 7 4 4 8 7 5 5 8
9 15 0 5 6 0 8 0 1 6 1 7 7 1 2 6 7 2 6 3 3 8 7 4 4 8 7 5 5 8 8 5
9 14 0 5 6 0 8 0 6 1 1 7 6 2 2 7 6 3 3 8 7 4 4 8 8 4 7 5 5 8
9 15 0 5 6 0 0 8 8 0 6 1 1 7 6 2 2 7 3 6 6 3 8 3 4 7 8 4 5 7 8 5
9 15 0 5 0 6 6 0 0 8 6 1 1 7 6 2 2 7 6 3 3 8 8 3 4 7 8 4 5 7 5 8
9 16 0 5 0 6 6 0 0 8 6 1 1 7 6 2 2 7 6 3 3 8 8 3 4 7 8 4 5 7 7 5 8 5
9 16 0 5 5 0 0 6 0 8 1 6 7 1 2 6 7 2 3 6 6 3 8 3 7 4 4 8 7 5 5 8 8 5
9 16 0 5 5 0 6 0 0 8 8 0 6 1 1 7 6 2 2 7 6 3 3 8 4 7 7 4 4 8 7 5 8 5
9 15 0 5 5 0 0 7 8 0 6 1 1 7 8 1 6 2 2 7 8 2 6 3 3 7 7 3 4 6 8 4
9 17 0 5 0 7 7 0 0 8 1 6 7 1 1 8 6 2 7 2 2 8 8 2 3 6 6 3 7 3 4 6 6 4 5 8
9 15 0 5 7 0 8 0 1 6 7 1 1 8 2 6 7 2 3 6 7 3 4 6 6 4 8 4 5 8 8 5
9 15 0 5 7 0 8 0 1 6 7 1 8 1 2 6 7 2 3 6 7 3 4 6 6 4 8 4 5 8 8 5
9 16 0 5 7 0 0 8 8 0 1 6 7 1 8 1 2 6 6 2 7 2 3 6 7 3 4 6 8 4 5 8 8 5
9 15 0 5 0 7 7 0 0 8 1 6 7 1 8 1 2 6 7 2 3 6 7 3 4 6 8 4 5 8 8 5
9 16 0 5 0 7 7 0 0 8 1 6 6 1 7 1 8 1 2 6 7 2 3 6 7 3 4 6 8 4 5 8 8 5
9 15 5 0 0 7 7 0 8 0 1 6 7 1 8 1 2 6 6 2 7 2 3 6 7 3 4 6 8 4 8 5
9 16 5 0 0 7 7 0 8 0 1 6 6 1 1 7 1 8 6 2 2 7 6 3 3 7 6 4 4 8 5 8 8 5
9 17 5 0 0 7 7 0 8 0 1 6 6 1 1 7 1 8 6 2 2 7 6 3 3 7 4 6 6 4 4 8 5 8 8 5
9 16 5 0 0 7 7 0 8 0 1 6 6 1 1 7 1 8 6 2 2 7 6 3 3 7 4 6 6 4 8 4 8 5
9 16 0 5 5 0 7 0 8 0 1 6 7 1 8 1 2 6 7 2 3 6 7 3 4 6 6 4 8 4 5 8 8 5
9 15 0 5 7 0 1 6 7 1 1 8 2 6 7 2 8 2 3 6 7 3 4 6 6 4 8 4 5 8 8 5
9 14 0 5 7 0 1 6 7 1 8 1 2 6 7 2 8 2 3 6 7 3 4 6 8 4 5 8 8 5
9 14 0 5 7 0 6 1 7 1 1 8 6 2 7 2 2 8 6 3 3 7 7 3 6 4 4 8 5 8
9 15 0 5 7 0 6 1 7 1 1 8 6 2 7 2 2 8 3 6 6 3 3 7 4 6 6 4 4 8 5 8
9 16 0 5 7 0 1 6 6 1 7 1 1 8 2 6 2 7 7 2 2 8 3 6 7 3 4 6 6 4 8 4 5 8
9 15 0 5 5 0 0 7 6 1 1 7 8 1 6 2 2 7 8 2 6 3 3 7 4 6 6 4 4 8 8 5
9 16 0 5 5 0 0 7 1 6 6 1 1 7 1 8 6 2 2 7 7 2 8 2 6 3 3 7 6 4 4 8 8 5
9 16 0 5 5 0 0 7 1 6 6 1 7 1 8 1 2 6 2 7 2 8 8 2 3 6 7 3 4 6 8 4 8 5
9 16 0 5 0 7 8 0 6 1 1 7 8 1 2 6 6 2 2 7 3 6 6 3 8 3 4 6 6 4 5 7 8 5
9 15 0 5 0 7 8 0 6 1 1 7 6 2 2 7 3 6 3 8 8 3 6 4 4 8 8 4 5 7 8 5
9 15 0 5 0 7 8 0 1 6 6 1 1 7 6 2 2 7 7 2 3 6 8 3 4 6 8 4 5 7 8 5
9 16 0 5 5 0 0 7 7 0 8 0 1 6 6 1 7 1 2 6 7 2 3 6 8 3 4 6 8 4 7 5 8 5
