10 15 0 4 0 5 8 0 1 6 7 1 6 2 8 2 2 9 9 2 3 7 3 8 8 3 3 9 5 4 4 9
10 17 0 4 0 5 0 8 8 0 6 1 7 1 1 9 9 1 2 6 6 2 8 2 3 7 3 8 8 3 4 5 4 9 5 9
10 16 0 4 4 0 0 5 0 8 1 6 1 7 1 9 2 6 6 2 2 8 7 3 3 8 8 3 4 5 4 9 5 9
10 16 4 0 5 0 0 8 8 0 1 6 1 7 9 1 6 2 2 8 3 7 7 3 3 8 4 5 4 9 9 4 9 6
10 17 4 0 5 0 0 8 8 0 1 6 6 1 1 7 9 1 6 2 2 8 7 3 3 8 8 3 4 5 4 9 9 4 9 6
10 15 4 0 0 5 8 0 1 6 7 1 2 6 2 8 8 2 2 9 3 7 8 3 5 4 4 9 6 9 9 6
10 16 0 4 0 5 5 0 8 0 1 6 7 1 2 6 8 2 3 7 3 8 8 3 3 9 4 5 4 9 6 9 9 6
10 17 4 0 5 0 0 8 8 0 6 1 1 7 7 1 6 2 2 8 3 7 7 3 3 8 9 3 4 5 4 9 9 4 9 6
10 16 4 0 0 5 5 0 8 0 1 6 7 1 2 6 8 2 3 7 3 8 8 3 3 9 5 4 4 9 6 9 9 6
10 16 0 4 0 5 0 8 8 0 1 6 6 1 1 7 2 6 8 2 3 7 8 3 5 4 4 9 9 4 6 9 7 9
10 15 4 0 5 0 0 8 8 0 1 6 7 1 6 2 2 8 7 3 3 8 4 5 4 9 9 4 9 6 9 7
