9 15 0 4 0 5 0 7 7 0 0 8 4 1 5 1 1 8 8 1 2 6 7 2 2 8 6 3 7 3 3 8
9 16 0 4 0 5 0 7 7 0 0 8 4 1 5 1 1 8 6 2 7 2 2 8 8 2 3 6 6 3 7 3 4 8
9 16 4 0 5 0 0 7 7 0 8 0 1 4 1 5 8 1 2 6 2 7 2 8 8 2 3 6 6 3 3 7 8 4
9 15 0 4 0 5 0 7 7 0 0 8 1 4 5 1 6 2 7 2 2 8 8 2 3 6 7 3 4 8 5 8
9 15 0 4 0 5 0 7 7 0 0 8 4 1 5 1 1 8 8 1 2 6 7 2 2 8 3 6 7 3 6 8
9 15 0 4 0 5 0 7 7 0 0 8 4 1 5 1 1 8 8 1 6 2 7 2 2 8 3 6 7 3 6 8
9 15 4 0 5 0 0 7 7 0 8 0 1 4 1 5 1 8 8 1 2 6 2 7 8 2 6 3 3 7 8 6
9 15 4 0 5 0 0 7 7 0 8 0 1 4 1 5 1 8 8 1 6 2 2 7 8 2 6 3 3 7 8 6
9 16 4 0 5 0 0 7 7 0 8 0 1 4 1 5 1 8 8 1 6 2 2 7 8 2 6 3 3 7 7 3 8 6
9 17 0 4 0 5 0 7 7 0 1 4 4 1 5 1 1 8 8 1 2 6 2 7 7 2 2 8 3 6 7 3 3 8 6 8
9 17 0 4 0 5 0 7 7 0 0 8 1 4 5 1 1 8 8 1 2 6 7 2 3 6 7 3 4 8 8 4 6 8 8 6
9 15 0 4 0 5 0 7 7 0 0 8 4 1 5 1 1 8 2 6 7 2 3 6 7 3 4 8 6 8 8 6
9 15 4 0 5 0 0 7 7 0 8 0 1 4 1 5 8 1 6 2 2 7 6 3 3 7 8 4 6 8 8 6
9 16 4 0 0 5 5 0 0 7 7 0 8 0 4 1 1 5 8 1 6 2 2 7 6 3 3 7 8 4 6 8 8 6
9 16 0 4 0 5 5 0 0 7 7 0 0 8 1 4 5 1 2 6 7 2 2 8 3 6 7 3 4 8 8 4 6 8
9 16 0 4 0 5 5 0 0 7 7 0 0 8 1 4 5 1 6 2 7 2 2 8 3 6 7 3 4 8 8 4 6 8
9 15 4 0 5 0 0 7 7 0 8 0 4 1 1 5 6 2 2 7 8 2 6 3 3 7 4 8 8 4 8 6
9 16 4 0 5 0 0 7 7 0 8 0 4 1 1 5 5 1 2 6 2 7 8 2 6 3 3 7 4 8 8 4 8 6
9 15 0 4 0 5 0 7 7 0 1 4 5 1 1 8 2 6 7 2 2 8 3 6 7 3 4 8 8 4 6 8
9 14 0 4 0 5 0 7 7 0 1 4 5 1 1 8 6 2 7 2 2 8 3 6 7 3 4 8 6 8
9 14 0 4 0 5 0 7 7 0 4 1 5 1 1 8 2 6 7 2 2 8 3 6 7 3 4 8 6 8
9 15 0 4 0 5 0 7 7 0 4 1 1 5 5 1 1 8 2 6 7 2 2 8 3 6 7 3 4 8 6 8
9 14 4 0 5 0 0 7 7 0 1 4 1 5 8 1 2 6 2 7 8 2 6 3 3 7 8 4 8 6
9 15 4 0 5 0 0 7 7 0 1 4 1 5 8 1 2 6 2 7 2 8 8 2 6 3 3 7 8 4 8 6
9 14 4 0 5 0 0 7 7 0 4 1 1 5 8 1 2 6 2 7 8 2 6 3 3 7 8 4 8 6
9 16 0 4 4 0 5 0 0 7 7 0 1 4 1 5 1 8 8 1 6 2 2 7 8 2 6 3 3 7 8 4 8 6
9 16 0 4 0 5 0 7 7 0 0 8 1 4 4 1 5 1 2 6 7 2 3 6 7 3 4 8 5 8 6 8 8 6
9 17 4 0 5 0 0 7 7 0 8 0 1 4 1 5 1 8 8 1 2 6 2 7 2 8 8 2 6 3 3 7 7 3 8 7
