10 16 4 0 7 0 0 8 8 0 1 5 5 1 1 8 2 6 6 2 2 8 9 2 3 7 3 9 9 3 9 4 9 5
10 16 4 0 7 0 0 8 8 0 1 5 5 1 1 8 2 6 6 2 2 8 8 2 9 2 3 7 9 3 9 4 9 5
10 16 0 4 4 0 7 0 0 8 5 1 1 8 8 1 9 1 2 6 6 2 2 8 3 7 3 9 9 3 9 5 9 6
10 15 0 4 0 7 0 8 8 0 1 5 8 1 2 6 8 2 3 7 7 3 3 9 4 9 9 4 5 9 6 9
10 15 0 4 0 7 0 8 8 0 1 5 5 1 8 1 2 6 8 2 7 3 3 9 4 9 9 4 5 9 6 9
10 16 0 4 0 7 0 8 8 0 1 5 5 1 8 1 2 6 8 2 7 3 3 9 9 3 4 9 5 9 6 9 9 6
10 15 0 4 0 7 0 8 8 0 1 5 5 1 8 1 2 6 8 2 3 7 7 3 3 9 4 9 5 9 6 9
10 16 0 4 0 7 0 8 8 0 1 5 5 1 8 1 2 6 2 8 8 2 7 3 3 9 9 3 4 9 5 9 6 9
10 16 0 4 0 7 0 8 8 0 1 5 5 1 8 1 2 6 2 8 8 2 3 7 7 3 3 9 4 9 5 9 6 9
10 15 0 4 0 7 0 8 8 0 1 5 5 1 8 1 2 6 6 2 8 2 7 3 3 9 4 9 5 9 6 9
10 16 0 4 0 7 7 0 0 8 8 0 1 5 8 1 2 6 8 2 7 3 3 9 4 9 9 4 5 9 9 5 6 9
10 15 4 0 7 0 0 8 8 0 5 1 1 8 8 1 6 2 2 8 3 7 9 3 9 4 9 5 6 9 9 6
10 15 4 0 7 0 0 8 8 0 1 5 5 1 1 8 6 2 2 8 3 7 3 9 9 3 9 4 9 5 9 6
10 15 4 0 0 7 7 0 0 8 8 0 5 1 1 8 8 1 6 2 2 8 3 7 9 3 9 4 9 5 9 6
10 16 4 0 0 7 7 0 0 8 8 0 5 1 1 8 8 1 6 2 2 8 3 7 7 3 9 3 9 4 9 5 9 6
10 15 4 0 0 7 7 0 0 8 8 0 1 5 5 1 1 8 6 2 2 8 3 7 9 3 9 4 9 5 9 6
10 16 4 0 0 7 7 0 0 8 8 0 1 5 5 1 1 8 6 2 2 8 3 7 9 3 9 4 9 5 6 9 9 6
10 16 0 4 4 0 0 7 0 8 8 0 1 5 5 1 8 1 2 6 8 2 7 3 3 9 4 9 5 9 6 9 9 6
10 16 0 4 4 0 0 7 7 0 0 8 8 0 5 1 1 8 8 1 6 2 2 8 3 7 9 3 9 4 9 5 9 6
10 16 0 4 0 7 7 0 1 5 1 8 8 1 1 9 2 6 6 2 8 2 2 9 3 7 8 3 4 9 9 4 5 9
10 16 0 4 0 7 7 0 1 5 5 1 8 1 2 6 6 2 8 2 2 9 3 7 3 8 8 3 3 9 4 9 5 9
10 16 0 4 4 0 0 7 5 1 1 8 2 6 6 2 2 8 9 2 3 7 7 3 3 8 8 3 9 3 9 4 9 5
10 15 0 4 0 7 7 0 1 5 1 8 8 1 1 9 2 6 8 2 3 7 8 3 4 9 9 4 5 9 6 9
10 17 4 0 0 7 5 1 1 8 8 1 9 1 6 2 2 8 3 7 7 3 3 8 8 3 4 9 9 4 9 5 6 9 9 6
10 15 4 0 0 7 5 1 1 8 8 1 9 1 2 6 6 2 2 8 7 3 3 8 8 3 9 4 9 5 9 6
10 15 4 0 0 7 7 0 5 1 1 8 8 1 9 1 6 2 2 8 7 3 3 8 8 3 9 4 9 5 9 6
10 16 4 0 0 7 7 0 5 1 1 8 8 1 9 1 2 6 6 2 2 8 7 3 3 8 4 9 9 4 9 5 9 6
10 16 0 4 7 0 1 5 5 1 8 1 2 6 8 2 3 7 7 3 3 8 8 3 3 9 4 9 5 9 6 9 9 6
10 15 4 0 0 7 1 5 5 1 1 8 6 2 2 8 7 3 3 8 8 3 9 3 4 9 9 4 9 5 9 6
10 15 4 0 0 7 7 0 5 1 1 8 8 1 6 2 2 8 7 3 3 8 8 3 9 3 9 4 9 5 9 6
10 16 0 4 4 0 0 7 7 0 0 9 1 5 8 1 2 6 8 2 3 7 8 3 5 9 9 5 6 9 9 6 8 9
10 16 0 4 4 0 0 7 7 0 0 9 1 5 5 1 8 1 2 6 2 8 8 2 3 7 8 3 5 9 6 9 8 9
10 15 0 4 7 0 1 5 1 8 8 1 2 6 8 2 3 7 8 3 4 9 9 4 5 9 6 9 9 6 8 9
10 15 0 4 0 7 7 0 1 5 8 1 2 6 8 2 3 7 3 8 8 3 4 9 9 4 5 9 6 9 8 9
10 15 0 4 4 0 0 7 5 1 1 8 8 1 6 2 2 8 7 3 3 8 8 3 9 4 9 5 9 6 9 8
10 15 0 4 4 0 0 7 1 5 5 1 1 8 6 2 2 8 7 3 3 8 8 3 9 4 9 5 9 6 9 8
10 16 0 4 4 0 0 7 1 5 5 1 1 8 2 6 6 2 2 8 7 3 3 8 4 9 9 4 9 5 9 6 9 8
10 16 0 4 4 0 7 0 1 5 1 8 8 1 2 6 8 2 3 7 3 8 8 3 4 9 5 9 9 5 6 9 8 9
10 15 0 4 4 0 7 0 1 5 5 1 8 1 2 6 8 2 3 7 8 3 4 9 5 9 6 9 9 6 8 9
