0 0 13
0 0 17
0 0 25
0 0 35
0 0 36
0 0 41
0 0 43
0 1 14
0 1 18
0 1 26
0 1 36
0 1 37
0 1 42
0 1 44
0 2 10
0 2 19
0 2 27
0 2 37
0 2 38
0 2 40
0 2 43
0 3 11
0 3 15
0 3 28
0 3 38
0 3 39
0 3 41
0 3 44
0 4 12
0 4 16
0 4 29
0 4 35
0 4 39
0 4 40
0 4 42
0 5 18
0 5 22
0 5 30
0 5 40
0 5 41
0 5 46
0 5 48
0 6 19
0 6 23
0 6 31
0 6 41
0 6 42
0 6 47
0 6 49
0 7 15
0 7 24
0 7 32
0 7 42
0 7 43
0 7 45
0 7 48
0 8 16
0 8 20
0 8 33
0 8 43
0 8 44
0 8 46
0 8 49
0 9 17
0 9 21
0 9 34
0 9 40
0 9 44
0 9 45
0 9 47
0 10 23
0 10 26
0 10 28
0 10 35
0 10 45
0 10 46
0 11 24
0 11 27
0 11 29
0 11 36
0 11 46
0 11 47
0 12 20
0 12 25
0 12 28
0 12 37
0 12 47
0 12 48
0 13 21
0 13 26
0 13 29
0 13 38
0 13 48
0 13 49
0 14 22
0 14 25
0 14 27
0 14 39
0 14 45
0 14 49
0 15 25
0 15 26
0 15 31
0 15 33
0 15 40
0 16 26
0 16 27
0 16 32
0 16 34
0 16 41
0 17 27
0 17 28
0 17 30
0 17 33
0 17 42
0 18 28
0 18 29
0 18 31
0 18 34
0 18 43
0 19 25
0 19 29
0 19 30
0 19 32
0 19 44
0 20 30
0 20 31
0 20 36
0 20 38
0 20 45
0 21 31
0 21 32
0 21 37
0 21 39
0 21 46
0 22 32
0 22 33
0 22 35
0 22 38
0 22 47
0 23 33
0 23 34
0 23 36
0 23 39
0 23 48
0 24 30
0 24 34
0 24 35
0 24 37
0 24 49
0 25 34
0 25 46
0 26 30
0 26 47
0 27 31
0 27 48
0 28 32
0 28 49
0 29 33
0 29 45
0 30 39
0 31 35
0 32 36
0 33 37
0 34 38
0 35 44
0 36 40
0 37 41
0 38 42
0 39 43
0 40 49
0 41 45
0 42 46
0 43 47
0 44 48
1 0 1
1 0 4
1 0 28
1 0 30
1 0 39
1 0 40
1 0 48
1 1 2
1 1 29
1 1 31
1 1 35
1 1 41
1 1 49
1 2 3
1 2 25
1 2 32
1 2 36
1 2 42
1 2 45
1 3 4
1 3 26
1 3 33
1 3 37
1 3 43
1 3 46
1 4 27
1 4 34
1 4 38
1 4 44
1 4 47
1 5 6
1 5 9
1 5 28
1 5 33
1 5 35
1 5 44
1 5 45
1 6 7
1 6 29
1 6 34
1 6 36
1 6 40
1 6 46
1 7 8
1 7 25
1 7 30
1 7 37
1 7 41
1 7 47
1 8 9
1 8 26
1 8 31
1 8 38
1 8 42
1 8 48
1 9 27
1 9 32
1 9 39
1 9 43
1 9 49
1 10 11
1 10 14
1 10 25
1 10 33
1 10 38
1 10 40
1 10 49
1 11 12
1 11 26
1 11 34
1 11 39
1 11 41
1 11 45
1 12 13
1 12 27
1 12 30
1 12 35
1 12 42
1 12 46
1 13 14
1 13 28
1 13 31
1 13 36
1 13 43
1 13 47
1 14 29
1 14 32
1 14 37
1 14 44
1 14 48
1 15 16
1 15 19
1 15 29
1 15 30
1 15 38
1 15 43
1 15 45
1 16 17
1 16 25
1 16 31
1 16 39
1 16 44
1 16 46
1 17 18
1 17 26
1 17 32
1 17 35
1 17 40
1 17 47
1 18 19
1 18 27
1 18 33
1 18 36
1 18 41
1 18 48
1 19 28
1 19 34
1 19 37
1 19 42
1 19 49
1 20 21
1 20 24
1 20 25
1 20 34
1 20 35
1 20 43
1 20 48
1 21 22
1 21 26
1 21 30
1 21 36
1 21 44
1 21 49
1 22 23
1 22 27
1 22 31
1 22 37
1 22 40
1 22 45
1 23 24
1 23 28
1 23 32
1 23 38
1 23 41
1 23 46
1 24 29
1 24 33
1 24 39
1 24 42
1 24 47
1 25 27
1 25 28
1 26 28
1 26 29
1 27 29
1 30 32
1 30 33
1 31 33
1 31 34
1 32 34
1 35 37
1 35 38
1 36 38
1 36 39
1 37 39
1 40 42
1 40 43
1 41 43
1 41 44
1 42 44
1 45 47
1 45 48
1 46 48
1 46 49
1 47 49
2 0 7
2 0 23
2 0 27
2 0 31
2 0 32
2 0 46
2 0 49
2 1 8
2 1 24
2 1 28
2 1 32
2 1 33
2 1 45
2 1 47
2 2 9
2 2 20
2 2 29
2 2 33
2 2 34
2 2 46
2 2 48
2 3 5
2 3 21
2 3 25
2 3 30
2 3 34
2 3 47
2 3 49
2 4 6
2 4 22
2 4 26
2 4 30
2 4 31
2 4 45
2 4 48
2 5 12
2 5 26
2 5 29
2 5 32
2 5 36
2 5 37
2 6 13
2 6 25
2 6 27
2 6 33
2 6 37
2 6 38
2 7 14
2 7 26
2 7 28
2 7 34
2 7 38
2 7 39
2 8 10
2 8 27
2 8 29
2 8 30
2 8 35
2 8 39
2 9 11
2 9 25
2 9 28
2 9 31
2 9 35
2 9 36
2 10 17
2 10 31
2 10 34
2 10 37
2 10 41
2 10 42
2 11 18
2 11 30
2 11 32
2 11 38
2 11 42
2 11 43
2 12 19
2 12 31
2 12 33
2 12 39
2 12 43
2 12 44
2 13 15
2 13 32
2 13 34
2 13 35
2 13 40
2 13 44
2 14 16
2 14 30
2 14 33
2 14 36
2 14 40
2 14 41
2 15 22
2 15 36
2 15 39
2 15 42
2 15 46
2 15 47
2 16 23
2 16 35
2 16 37
2 16 43
2 16 47
2 16 48
2 17 24
2 17 36
2 17 38
2 17 44
2 17 48
2 17 49
2 18 20
2 18 37
2 18 39
2 18 40
2 18 45
2 18 49
2 19 21
2 19 35
2 19 38
2 19 41
2 19 45
2 19 46
2 20 26
2 20 27
2 20 41
2 20 44
2 20 47
2 21 27
2 21 28
2 21 40
2 21 42
2 21 48
2 22 28
2 22 29
2 22 41
2 22 43
2 22 49
2 23 25
2 23 29
2 23 42
2 23 44
2 23 45
2 24 25
2 24 26
2 24 40
2 24 43
2 24 46
2 25 39
2 25 41
2 26 35
2 26 42
2 27 36
2 27 43
2 28 37
2 28 44
2 29 38
2 29 40
2 30 44
2 30 46
2 31 40
2 31 47
2 32 41
2 32 48
2 33 42
2 33 49
2 34 43
2 34 45
2 35 49
2 36 45
2 37 46
2 38 47
2 39 48
3 0 10
3 0 15
3 0 26
3 0 33
3 0 34
3 0 45
3 0 47
3 1 11
3 1 16
3 1 27
3 1 30
3 1 34
3 1 46
3 1 48
3 2 12
3 2 17
3 2 28
3 2 30
3 2 31
3 2 47
3 2 49
3 3 13
3 3 18
3 3 29
3 3 31
3 3 32
3 3 45
3 3 48
3 4 14
3 4 19
3 4 25
3 4 32
3 4 33
3 4 46
3 4 49
3 5 15
3 5 20
3 5 25
3 5 27
3 5 31
3 5 38
3 5 39
3 6 16
3 6 21
3 6 26
3 6 28
3 6 32
3 6 35
3 6 39
3 7 17
3 7 22
3 7 27
3 7 29
3 7 33
3 7 35
3 7 36
3 8 18
3 8 23
3 8 25
3 8 28
3 8 34
3 8 36
3 8 37
3 9 19
3 9 24
3 9 26
3 9 29
3 9 30
3 9 37
3 9 38
3 10 20
3 10 30
3 10 32
3 10 36
3 10 43
3 10 44
3 11 21
3 11 31
3 11 33
3 11 37
3 11 40
3 11 44
3 12 22
3 12 32
3 12 34
3 12 38
3 12 40
3 12 41
3 13 23
3 13 30
3 13 33
3 13 39
3 13 41
3 13 42
3 14 24
3 14 31
3 14 34
3 14 35
3 14 42
3 14 43
3 15 35
3 15 37
3 15 41
3 15 48
3 15 49
3 16 36
3 16 38
3 16 42
3 16 45
3 16 49
3 17 37
3 17 39
3 17 43
3 17 45
3 17 46
3 18 35
3 18 38
3 18 44
3 18 46
3 18 47
3 19 36
3 19 39
3 19 40
3 19 47
3 19 48
3 20 28
3 20 29
3 20 40
3 20 42
3 20 46
3 21 25
3 21 29
3 21 41
3 21 43
3 21 47
3 22 25
3 22 26
3 22 42
3 22 44
3 22 48
3 23 26
3 23 27
3 23 40
3 23 43
3 23 49
3 24 27
3 24 28
3 24 41
3 24 44
3 24 45
3 25 30
3 25 45
3 26 31
3 26 46
3 27 32
3 27 47
3 28 33
3 28 48
3 29 34
3 29 49
3 30 35
3 31 36
3 32 37
3 33 38
3 34 39
3 35 40
3 36 41
3 37 42
3 38 43
3 39 44
3 40 45
3 41 46
3 42 47
3 43 48
3 44 49
4 0 11
4 0 19
4 0 29
4 0 37
4 0 38
4 0 42
4 0 44
4 1 12
4 1 15
4 1 25
4 1 38
4 1 39
4 1 40
4 1 43
4 2 13
4 2 16
4 2 26
4 2 35
4 2 39
4 2 41
4 2 44
4 3 14
4 3 17
4 3 27
4 3 35
4 3 36
4 3 40
4 3 42
4 4 10
4 4 18
4 4 28
4 4 36
4 4 37
4 4 41
4 4 43
4 5 16
4 5 24
4 5 34
4 5 42
4 5 43
4 5 47
4 5 49
4 6 17
4 6 20
4 6 30
4 6 43
4 6 44
4 6 45
4 6 48
4 7 18
4 7 21
4 7 31
4 7 40
4 7 44
4 7 46
4 7 49
4 8 19
4 8 22
4 8 32
4 8 40
4 8 41
4 8 45
4 8 47
4 9 15
4 9 23
4 9 33
4 9 41
4 9 42
4 9 46
4 9 48
4 10 21
4 10 27
4 10 29
4 10 39
4 10 47
4 10 48
4 11 22
4 11 25
4 11 28
4 11 35
4 11 48
4 11 49
4 12 23
4 12 26
4 12 29
4 12 36
4 12 45
4 12 49
4 13 24
4 13 25
4 13 27
4 13 37
4 13 45
4 13 46
4 14 20
4 14 26
4 14 28
4 14 38
4 14 46
4 14 47
4 15 27
4 15 28
4 15 32
4 15 34
4 15 44
4 16 28
4 16 29
4 16 30
4 16 33
4 16 40
4 17 25
4 17 29
4 17 31
4 17 34
4 17 41
4 18 25
4 18 26
4 18 30
4 18 32
4 18 42
4 19 26
4 19 27
4 19 31
4 19 33
4 19 43
4 20 32
4 20 33
4 20 37
4 20 39
4 20 49
4 21 33
4 21 34
4 21 35
4 21 38
4 21 45
4 22 30
4 22 34
4 22 36
4 22 39
4 22 46
4 23 30
4 23 31
4 23 35
4 23 37
4 23 47
4 24 31
4 24 32
4 24 36
4 24 38
4 24 48
4 25 33
4 25 47
4 26 34
4 26 48
4 27 30
4 27 49
4 28 31
4 28 45
4 29 32
4 29 46
4 30 38
4 31 39
4 32 35
4 33 36
4 34 37
4 35 43
4 36 44
4 37 40
4 38 41
4 39 42
4 40 48
4 41 49
4 42 45
4 43 46
4 44 47
