NEAR n=22 multi=0 rem=8 chords: (0,12) (0,18) (2,14) (2,16) (4,16) (4,18) (6,9) (6,3) (8,15) (8,17) (10,13) (10,19) (12,21) (14,17) (20,13) (20,5) (1,21) (1,3) deficient: 5(x1) 7(x2) 9(x1) 11(x2) 15(x1) 19(x1)
NEAR n=22 multi=0 rem=8 chords: (0,16) (0,12) (2,12) (2,21) (4,1) (4,20) (6,10) (6,17) (8,13) (8,15) (10,5) (14,11) (14,19) (16,11) (18,20) (18,5) (1,3) (3,21) deficient: 7(x2) 9(x2) 13(x1) 15(x1) 17(x1) 19(x1)
NEAR n=22 multi=0 rem=8 chords: (0,5) (0,9) (2,15) (2,7) (4,12) (4,11) (6,13) (6,12) (8,1) (8,10) (10,14) (14,11) (16,13) (16,5) (18,21) (18,7) (20,1) (20,9) deficient: 3(x2) 15(x1) 17(x2) 19(x2) 21(x1)
NEAR n=22 multi=0 rem=8 chords: (0,16) (0,20) (2,13) (2,21) (4,20) (4,1) (6,17) (6,12) (8,5) (8,17) (10,21) (10,15) (12,14) (14,11) (15,11) (18,3) (18,13) (1,16) deficient: 3(x1) 5(x1) 7(x2) 9(x2) 19(x2)
NEAR n=22 multi=0 rem=8 chords: (0,7) (0,20) (2,9) (2,5) (4,19) (4,17) (6,13) (6,11) (8,15) (8,19) (10,15) (10,13) (17,20) (11,18) (1,3) (1,5) (3,9) (7,21) deficient: 12(x2) 14(x2) 16(x2) 18(x1) 21(x1)
NEAR n=22 multi=0 rem=8 chords: (0,17) (0,5) (2,6) (2,21) (4,18) (4,9) (6,18) (8,10) (8,16) (10,7) (12,1) (12,19) (14,9) (14,1) (16,3) (20,17) (20,3) (5,7) deficient: 11(x2) 13(x2) 15(x2) 19(x1) 21(x1)
NEAR n=22 multi=0 rem=8 chords: (0,3) (0,8) (2,7) (2,8) (4,16) (4,7) (10,17) (10,1) (12,17) (12,15) (14,1) (14,19) (19,16) (5,3) (5,18) (20,6) (20,9) (6,18) deficient: 9(x1) 11(x2) 13(x2) 15(x1) 21(x2)
NEAR n=22 multi=0 rem=8 chords: (0,4) (0,17) (2,21) (2,20) (4,7) (6,9) (6,16) (8,15) (8,13) (10,1) (10,16) (12,19) (12,18) (14,11) (14,19) (17,15) (20,18) (1,21) deficient: 3(x2) 5(x2) 7(x1) 9(x1) 11(x1) 13(x1)
NEAR n=22 multi=0 rem=8 chords: (0,12) (0,6) (2,19) (2,17) (4,8) (4,1) (6,13) (8,14) (10,18) (10,20) (12,21) (14,17) (19,13) (15,7) (15,20) (1,5) (3,5) (3,21) deficient: 7(x1) 9(x2) 11(x2) 16(x2) 18(x1)
NEAR n=22 multi=0 rem=8 chords: (0,19) (0,17) (2,18) (2,5) (4,7) (4,19) (6,14) (6,21) (8,16) (8,1) (10,7) (10,1) (12,15) (12,18) (14,17) (15,13) (20,16) (20,13) deficient: 3(x2) 5(x1) 9(x2) 11(x2) 21(x1)
NEAR n=22 multi=0 rem=8 chords: (0,10) (0,5) (2,13) (2,11) (4,7) (4,8) (6,8) (6,10) (12,21) (12,19) (14,17) (14,1) (16,11) (16,1) (18,9) (18,7) (20,9) (20,5) deficient: 3(x2) 13(x1) 15(x2) 17(x1) 19(x1) 21(x1)
