47
0 43
0 44
0 45
0 46
1 9
1 11
1 14
1 18
2 7
2 17
2 22
2 24
3 4
3 9
3 13
3 23
4 9
4 13
4 23
5 10
5 15
5 17
5 21
6 11
6 16
6 19
6 20
7 17
7 18
7 22
8 13
8 23
8 25
8 28
9 13
10 14
10 15
10 21
11 16
11 20
12 38
12 41
12 44
12 45
14 15
14 21
15 21
16 19
16 20
17 18
18 19
19 20
22 24
22 27
23 25
24 27
24 29
25 26
25 28
26 28
26 30
26 31
27 29
27 32
28 30
29 32
29 35
30 31
30 33
31 33
31 34
32 35
32 38
33 34
33 36
34 36
34 37
35 38
35 41
36 37
36 39
37 39
37 40
38 41
39 40
39 42
40 42
40 46
41 45
42 43
42 46
43 44
43 46
44 45
