022200
222100
020012
002222
220111
100210
212201
102000
001001
020200
200210
002110
210120
111100
120001
011212
201020
200102
000211
001110
211212
101222
200021
120120
021122
201111
221111
202012
210000
011020
101202
010221
010021
222020
212122
101012
202201
211021
012002
022101
221002
100102
111102
000020
220222
222201
110012
112011
210111
201220
022121
111101
000102
112220
121010
110202
110022
001021
010121
201120
010110
012110
100211
122112
121221
102121
021200
011211
022011
211210
122022
122212
222010
