112211
200210
102201
121121
121212
010221
220012
211200
201112
100100
222222
120002
111202
020200
220001
111200
122002
000111
201102
111012
210002
100222
221020
221211
012101
021100
002220
110112
201122
200221
011022
121002
211011
120220
101121
021211
001001
022021
000020
210011
202000
012100
102211
120011
002012
202021
100022
000202
012102
112020
220101
010010
222202
122110
010210
110001
001220
211201
122201
011110
202121
020122
101010
021000
102122
022110
212011
021212
212212
212222
111121
222110
210120
