# PARTIAL local results, n=14 run (geng -c -d5 13 res/1024, residues 896-1023, checker=hajos_check14.c)
896 4640952385 4617840890 4617840887 3 0
897 3301937977 3286174456 3286174454 2 0
898 4599660041 4578856373 4578856371 2 0
899 4556362477 4534444145 4534444142 3 0
900 4355943302 4333683481 4333683480 1 0
901 4459399191 4438893347 4438893345 2 0
902 5038629045 5015229791 5015229790 1 0
903 4372620434 4351343311 4351343309 2 0
904 5255061695 5227774037 5227774034 3 0
905 4288718597 4267792646 4267792643 3 0
906 5084307448 5059178936 5059178933 3 0
907 5487541371 5461127649 5461127648 1 0
908 3939598554 3920334892 3920334889 3 0
909 5180171888 5153327315 5153327310 5 0
910 5305500433 5279083675 5279083669 6 0
911 4205052199 4184307932 4184307928 4 0
TOTAL(done shards only) read=74071457037 candidates=73709392876 ok=73709392832 hard=44 bicon_skip=0
