3 7 70 0 L???????F?R}^{
3 7 70 0 L???????F?R}~{
3 7 70 0 L???????F?R}^}
3 7 70 0 L???????F?R}^|
3 7 70 0 L???????F?R}~}
3 7 70 0 L???????F?R}~|
3 7 70 0 L???????F?R}^~
3 7 63 0 L???????F?B~~{
3 7 63 0 L???????F?B~~}
3 7 63 0 L???????F?B~~|
3 7 70 0 L???????F?Z}n{
3 7 70 0 L???????F?Z}~{
3 7 70 0 L???????F?Z}n}
3 7 70 0 L???????F?Z}n|
3 7 70 0 L???????F?R~^{
3 7 70 0 L???????F?R~~{
3 7 70 0 L???????F?R~^}
3 7 70 0 L???????F?R~^|
3 7 108 0 L???????F_P}^{
3 7 108 0 L???????F_P}~{
3 7 108 0 L???????F_P}^}
3 7 108 0 L???????F_P}^|
3 7 108 0 L???????F_P}~}
3 7 108 0 L???????F_P}~|
3 7 108 0 L???????F_P}^~
3 7 90 0 L???????F_@~~{
3 7 90 0 L???????F_@~~}
3 7 90 0 L???????F_@~~|
3 7 115 0 L???????F_X}N{
3 7 115 0 L???????F_X}n{
3 7 115 0 L???????F_X}N}
3 7 115 0 L???????F_X}N|
3 7 115 0 L???????F_X}~{
3 7 115 0 L???????F_X}n}
3 7 115 0 L???????F_X}n|
3 7 115 0 L???????F_X}N~
3 7 108 0 L???????F_P~^{
3 7 108 0 L???????F_P~~{
3 7 108 0 L???????F_P~^}
3 7 108 0 L???????F_P~^|
3 7 115 0 L???????F_\}v{
3 7 115 0 L???????F_X~n{
3 7 115 0 L???????F_X~N}
3 7 130 0 L???????FoO}^{
3 7 130 0 L???????FoO}~{
3 7 130 0 L???????FoO}^}
3 7 130 0 L???????FoO}^|
3 7 130 0 L???????FoO}~}
3 7 130 0 L???????FoO}~|
3 7 130 0 L???????FoO}^~
3 7 100 0 L???????Fo?~~{
3 7 100 0 L???????Fo?~~}
3 7 148 0 L???????FoW}N{
3 7 148 0 L???????FoW}n{
3 7 148 0 L???????FoW}N}
3 7 148 0 L???????FoW}N|
3 7 148 0 L???????FoW}~{
3 7 148 0 L???????FoW}n}
3 7 148 0 L???????FoW}n|
3 7 148 0 L???????FoW}N~
3 7 130 0 L???????FoO~^{
3 7 130 0 L???????FoO~~{
3 7 130 0 L???????FoO~^}
3 7 130 0 L???????FoO~^|
3 7 155 0 L???????Fo[}f{
3 7 155 0 L???????Fo[}v{
3 7 155 0 L???????Fo[}f}
3 7 155 0 L???????Fo[}f|
3 7 148 0 L???????FoW~N{
3 7 148 0 L???????FoW~n{
3 7 148 0 L???????FoW~N}
3 7 148 0 L???????FoW~N|
3 7 160 0 L???????FwW]N{
3 7 160 0 L???????FwW]n{
3 7 160 0 L???????FwW]N}
3 7 160 0 L???????FwW]~{
3 7 160 0 L???????FwW]n}
3 7 160 0 L???????FwW]N~
3 7 171 0 L???????Fw[]F{
3 7 178 0 L???????Fw[]f{
3 7 171 0 L???????Fw[]F}
3 7 171 0 L???????Fw[]F|
3 7 178 0 L???????Fw[]v{
3 7 178 0 L???????Fw[]f}
3 7 178 0 L???????Fw[]f|
3 7 171 0 L???????Fw[]F~
3 7 160 0 L???????FwW^N{
3 7 160 0 L???????FwW^n{
3 7 160 0 L???????FwW^N}
3 7 185 0 L???????Fw]]r{
3 7 178 0 L???????Fw[^f{
3 7 189 0 L???????F{]Mb{
3 7 196 0 L???????F{]Mr{
3 7 189 0 L???????F{]Mb}
3 7 171 0 L???????F{]MB~
3 9 18 0 L???C@?GF?BpF{
3 9 18 0 L???C@?GF?Bpf{
3 9 18 0 L???C@?GF?BpF}
3 9 18 0 L???C@?GF?BpF|
3 9 18 0 L???C@?GF?Bpv{
3 9 18 0 L???C@?GF?Bpf}
3 9 18 0 L???C@?GF?Bpf|
3 9 18 0 L???C@?GF?BpF~
3 9 18 0 L???C@?GF?Bp~{
3 9 18 0 L???C@?GF?Bpv}
3 9 18 0 L???C@?GF?Bpv|
3 9 18 0 L???C@?GF?Bpf~
3 9 18 0 L???C@?GF?Bp~}
3 9 18 0 L???C@?GF?Bp~|
3 9 18 0 L???C@?GF?Bpv~
3 9 9 0 L???C@?G?w]OB{
3 9 9 0 L???C@?G?w]Ob{
3 9 9 0 L???C@?G?w]OF{
3 9 9 0 L???C@?G?w]OB}
3 9 9 0 L???C@?G?w]OB|
3 9 9 0 L???C@?G?w]Or{
3 9 9 0 L???C@?G?w]Of{
3 9 9 0 L???C@?G?w]Ob}
3 9 9 0 L???C@?G?w]OF}
3 9 9 0 L???C@?G?w]Ob|
3 9 9 0 L???C@?G?w]OF|
3 9 9 0 L???C@?G?w]OB~
3 9 9 0 L???C@?G?w]Oz{
3 9 9 0 L???C@?G?w]Ov{
3 9 9 0 L???C@?G?w]Or}
3 9 9 0 L???C@?G?w]Of}
3 9 9 0 L???C@?G?w]Or|
3 9 9 0 L???C@?G?w]Of|
3 9 9 0 L???C@?G?w]Ob~
3 9 9 0 L???C@?G?w]OF~
3 9 9 0 L???C@?G?w]O~{
3 9 9 0 L???C@?G?w]Oz}
3 9 9 0 L???C@?G?w]Ov}
3 9 9 0 L???C@?G?w]Oz|
3 9 9 0 L???C@?G?w]Ov|
3 9 9 0 L???C@?G?w]Or~
3 9 9 0 L???C@?G?w]Of~
3 9 9 0 L???C@?G?w]O~}
3 9 9 0 L???C@?G?w]O~|
3 9 9 0 L???C@?G?w]Oz~
3 9 9 0 L???C@?G?w]Ov~
3 9 9 0 L???C@?G?w[PF{
3 9 9 0 L???C@?G?w[Pf{
3 9 9 0 L???C@?G?w[PF}
3 9 9 0 L???C@?G?w[PF|
3 9 9 0 L???C@?G?w[Pv{
3 9 9 0 L???C@?G?w[Pf}
3 9 9 0 L???C@?G?w[Pf|
3 9 9 0 L???C@?G?w[PF~
3 9 9 0 L???C@?G?w[P~{
3 9 9 0 L???C@?G?w[Pv}
3 9 9 0 L???C@?G?w[Pv|
3 9 9 0 L???C@?G?w[Pf~
3 9 9 0 L???C@?G?w[P~}
3 9 9 0 L???C@?G?w[P~|
3 9 9 0 L???C@?G?w[Pv~
3 9 9 0 L???C@?G?w^O`{
3 9 9 0 L???C@?G?w^OD{
3 9 9 0 L???C@?G?w^Op{
3 9 9 0 L???C@?G?w^Od{
3 9 9 0 L???C@?G?w^OF{
3 9 9 0 L???C@?G?w^O`}
3 9 9 0 L???C@?G?w^OD}
3 9 9 0 L???C@?G?w^O`|
3 9 9 0 L???C@?G?w^OD|
3 9 9 0 L???C@?G?w^Ox{
3 9 9 0 L???C@?G?w^Ot{
3 9 9 0 L???C@?G?w^Of{
3 9 9 0 L???C@?G?w^Op}
3 9 9 0 L???C@?G?w^Od}
3 9 9 0 L???C@?G?w^OF}
3 9 9 0 L???C@?G?w^Op|
3 9 9 0 L???C@?G?w^Od|
3 9 9 0 L???C@?G?w^OF|
3 9 9 0 L???C@?G?w^O`~
3 9 9 0 L???C@?G?w^OD~
3 9 9 0 L???C@?G?w^O|{
3 9 9 0 L???C@?G?w^Ov{
3 9 9 0 L???C@?G?w^Ox}
3 9 9 0 L???C@?G?w^Ot}
3 9 9 0 L???C@?G?w^Of}
3 9 9 0 L???C@?G?w^Ox|
3 9 9 0 L???C@?G?w^Ot|
3 9 9 0 L???C@?G?w^Of|
3 9 9 0 L???C@?G?w^Op~
3 9 9 0 L???C@?G?w^Od~
3 9 9 0 L???C@?G?w^OF~
3 9 9 0 L???C@?G?w^O~{
3 9 9 0 L???C@?G?w^O|}
3 9 9 0 L???C@?G?w^Ov}
3 9 9 0 L???C@?G?w^O||
3 9 9 0 L???C@?G?w^Ov|
3 9 9 0 L???C@?G?w^Ox~
3 9 9 0 L???C@?G?w^Ot~
3 9 9 0 L???C@?G?w^Of~
3 9 9 0 L???C@?G?w]Wrk
3 9 9 0 L???C@?G?w]Wfk
3 9 9 0 L???C@?G?w]Wb{
3 9 9 0 L???C@?G?w]Wbm
3 9 9 0 L???C@?G?w]Wzk
3 9 9 0 L???C@?G?w]Wvk
3 9 9 0 L???C@?G?w]Wr{
3 9 9 0 L???C@?G?w]Wf{
3 9 9 0 L???C@?G?w]Wrm
3 9 9 0 L???C@?G?w]Wfm
3 9 9 0 L???C@?G?w]Wb}
3 9 9 0 L???C@?G?w]Wrl
3 9 9 0 L???C@?G?w]Wfl
3 9 9 0 L???C@?G?w]Wb|
3 9 9 0 L???C@?G?w]Wbn
3 9 9 0 L???C@?G?w]W~k
3 9 9 0 L???C@?G?w]Wz{
3 9 9 0 L???C@?G?w]Wv{
3 9 9 0 L???C@?G?w]Wzm
3 9 9 0 L???C@?G?w]Wvm
3 9 9 0 L???C@?G?w]Wr}
3 9 9 0 L???C@?G?w]Wf}
3 9 9 0 L???C@?G?w]Wzl
3 9 9 0 L???C@?G?w]Wvl
3 9 9 0 L???C@?G?w]Wr|
3 9 9 0 L???C@?G?w]Wf|
3 9 9 0 L???C@?G?w]Wrn
3 9 9 0 L???C@?G?w]Wfn
3 9 9 0 L???C@?G?w]Wb~
3 9 9 0 L???C@?G?w]W~{
3 9 9 0 L???C@?G?w]W~m
3 9 9 0 L???C@?G?w]Wz}
3 9 9 0 L???C@?G?w]Wv}
3 9 9 0 L???C@?G?w]W~l
3 9 9 0 L???C@?G?w]Wz|
3 9 9 0 L???C@?G?w]Wv|
3 9 9 0 L???C@?G?w]Wzn
3 9 9 0 L???C@?G?w]Wvn
3 9 9 0 L???C@?G?w]Wr~
3 9 9 0 L???C@?G?w]Wf~
3 9 9 0 L???C@?G?w]PB{
3 9 9 0 L???C@?G?w]Pb{
3 9 9 0 L???C@?G?w]PF{
3 9 9 0 L???C@?G?w]PB}
3 9 9 0 L???C@?G?w]PB|
3 9 9 0 L???C@?G?w]Pr{
3 9 9 0 L???C@?G?w]Pf{
3 9 9 0 L???C@?G?w]Pb}
3 9 9 0 L???C@?G?w]PF}
3 9 9 0 L???C@?G?w]Pb|
3 9 9 0 L???C@?G?w]PF|
3 9 9 0 L???C@?G?w]PB~
3 9 9 0 L???C@?G?w]Pz{
3 9 9 0 L???C@?G?w]Pv{
3 9 9 0 L???C@?G?w]Pr}
3 9 9 0 L???C@?G?w]Pf}
3 9 9 0 L???C@?G?w]Pr|
3 9 9 0 L???C@?G?w]Pf|
3 9 9 0 L???C@?G?w]Pb~
3 9 9 0 L???C@?G?w]PF~
3 9 9 0 L???C@?G?w]P~{
3 9 9 0 L???C@?G?w]Pz}
3 9 9 0 L???C@?G?w]Pv}
3 9 9 0 L???C@?G?w]Pz|
3 9 9 0 L???C@?G?w]Pv|
3 9 9 0 L???C@?G?w]Pr~
3 9 9 0 L???C@?G?w]Pf~
3 9 9 0 L???C@?G?w[Xfk
3 9 9 0 L???C@?G?w[Xvk
3 9 9 0 L???C@?G?w[Xf{
3 9 9 0 L???C@?G?w[Xfm
3 9 9 0 L???C@?G?w[Xfl
3 9 9 0 L???C@?G?w[X~k
3 9 9 0 L???C@?G?w[Xv{
3 9 9 0 L???C@?G?w[Xvm
3 9 9 0 L???C@?G?w[Xf}
3 9 9 0 L???C@?G?w[Xvl
3 9 9 0 L???C@?G?w[Xf|
3 9 9 0 L???C@?G?w[Xfn
3 9 9 0 L???C@?G?w[X~{
3 9 9 0 L???C@?G?w[X~m
3 9 9 0 L???C@?G?w[Xv}
3 9 9 0 L???C@?G?w[X~l
3 9 9 0 L???C@?G?w[Xv|
3 9 9 0 L???C@?G?w[Xvn
3 9 9 0 L???C@?G?w[Xf~
3 9 9 0 L???C@?G?w^os{
3 9 9 0 L???C@?G?w^oe{
3 9 9 0 L???C@?G?w^oF{
3 9 9 0 L???C@?G?w^o{{
3 9 9 0 L???C@?G?w^ou{
3 9 9 0 L???C@?G?w^of{
3 9 9 0 L???C@?G?w^ow}
3 9 9 0 L???C@?G?w^os}
3 9 9 0 L???C@?G?w^oe}
3 9 9 0 L???C@?G?w^oF}
3 9 9 0 L???C@?G?w^os|
3 9 9 0 L???C@?G?w^oe|
3 9 9 0 L???C@?G?w^oF|
3 9 9 0 L???C@?G?w^o}{
3 9 9 0 L???C@?G?w^ov{
3 9 9 0 L???C@?G?w^o{}
3 9 9 0 L???C@?G?w^ou}
3 9 9 0 L???C@?G?w^of}
3 9 9 0 L???C@?G?w^o{|
3 9 9 0 L???C@?G?w^ou|
3 9 9 0 L???C@?G?w^of|
3 9 9 0 L???C@?G?w^ow~
3 9 9 0 L???C@?G?w^os~
3 9 9 0 L???C@?G?w^oe~
3 9 9 0 L???C@?G?w^oF~
3 9 9 0 L???C@?G?w^Wxk
3 9 9 0 L???C@?G?w^Wtk
3 9 9 0 L???C@?G?w^Wp{
3 9 9 0 L???C@?G?w^Wd{
3 9 9 0 L???C@?G?w^W|k
3 9 9 0 L???C@?G?w^Wvk
3 9 9 0 L???C@?G?w^Wx{
3 9 9 0 L???C@?G?w^Wt{
3 9 9 0 L???C@?G?w^Wf{
3 9 9 0 L???C@?G?w^Wxm
3 9 9 0 L???C@?G?w^Wtm
3 9 9 0 L???C@?G?w^Wfm
3 9 9 0 L???C@?G?w^Wp}
3 9 9 0 L???C@?G?w^Wd}
3 9 9 0 L???C@?G?w^Wxl
3 9 9 0 L???C@?G?w^Wtl
3 9 9 0 L???C@?G?w^Wp|
3 9 9 0 L???C@?G?w^Wd|
3 9 9 0 L???C@?G?w^W~k
3 9 9 0 L???C@?G?w^W|{
3 9 9 0 L???C@?G?w^Wv{
3 9 9 0 L???C@?G?w^W|m
3 9 9 0 L???C@?G?w^Wvm
3 9 9 0 L???C@?G?w^Wx}
3 9 9 0 L???C@?G?w^Wt}
3 9 9 0 L???C@?G?w^Wf}
3 9 9 0 L???C@?G?w^W|l
3 9 9 0 L???C@?G?w^Wvl
3 9 9 0 L???C@?G?w^Wx|
3 9 9 0 L???C@?G?w^Wt|
3 9 9 0 L???C@?G?w^Wf|
3 9 9 0 L???C@?G?w^Wxn
3 9 9 0 L???C@?G?w^Wtn
3 9 9 0 L???C@?G?w^Wfn
3 9 9 0 L???C@?G?w^Wp~
3 9 9 0 L???C@?G?w^Wd~
3 9 9 0 L???C@?G?w][~c
3 9 9 0 L???C@?G?w][zs
3 9 9 0 L???C@?G?w][vs
3 9 9 0 L???C@?G?w][r{
3 9 9 0 L???C@?G?w][ze
3 9 9 0 L???C@?G?w][ve
3 9 9 0 L???C@?G?w][ru
3 9 9 0 L???C@?G?w][~s
3 9 9 0 L???C@?G?w][z{
3 9 9 0 L???C@?G?w][v{
3 9 9 0 L???C@?G?w][~e
3 9 9 0 L???C@?G?w][zu
3 9 9 0 L???C@?G?w][vu
3 9 9 0 L???C@?G?w][r}
3 9 9 0 L???C@?G?w][~d
3 9 9 0 L???C@?G?w][zt
3 9 9 0 L???C@?G?w][vt
3 9 9 0 L???C@?G?w][r|
3 9 9 0 L???C@?G?w][zf
3 9 9 0 L???C@?G?w][vf
3 9 9 0 L???C@?G?w][rv
3 9 9 0 L???C@?G?w^Pp{
3 9 9 0 L???C@?G?w^Pd{
3 9 9 0 L???C@?G?w^PF{
3 9 9 0 L???C@?G?w^P`}
3 9 9 0 L???C@?G?w^PD}
3 9 9 0 L???C@?G?w^Px{
3 9 9 0 L???C@?G?w^Pt{
3 9 9 0 L???C@?G?w^Pf{
3 9 9 0 L???C@?G?w^Pp}
3 9 9 0 L???C@?G?w^Pd}
3 9 9 0 L???C@?G?w^PF}
3 9 9 0 L???C@?G?w^Pp|
3 9 9 0 L???C@?G?w^Pd|
3 9 9 0 L???C@?G?w^PF|
3 9 9 0 L???C@?G?w^P`~
3 9 9 0 L???C@?G?w^PD~
3 9 9 0 L???C@?G?w^P|{
3 9 9 0 L???C@?G?w^Pv{
3 9 9 0 L???C@?G?w^Px}
3 9 9 0 L???C@?G?w^Pt}
3 9 9 0 L???C@?G?w^Pf}
3 9 9 0 L???C@?G?w^Px|
3 9 9 0 L???C@?G?w^Pt|
3 9 9 0 L???C@?G?w^Pf|
3 9 9 0 L???C@?G?w^Pp~
3 9 9 0 L???C@?G?w^Pd~
3 9 9 0 L???C@?G?w^PF~
3 9 9 0 L???C@?G?w]Xrk
3 9 9 0 L???C@?G?w]Xfk
3 9 9 0 L???C@?G?w]Xb{
3 9 9 0 L???C@?G?w]Xzk
3 9 9 0 L???C@?G?w]Xvk
3 9 9 0 L???C@?G?w]Xr{
3 9 9 0 L???C@?G?w]Xf{
3 9 9 0 L???C@?G?w]Xrm
3 9 9 0 L???C@?G?w]Xfm
3 9 9 0 L???C@?G?w]Xb}
3 9 9 0 L???C@?G?w]Xrl
3 9 9 0 L???C@?G?w]Xfl
3 9 9 0 L???C@?G?w]Xb|
3 9 9 0 L???C@?G?w]X~k
3 9 9 0 L???C@?G?w]Xz{
3 9 9 0 L???C@?G?w]Xv{
3 9 9 0 L???C@?G?w]Xzm
3 9 9 0 L???C@?G?w]Xvm
3 9 9 0 L???C@?G?w]Xr}
3 9 9 0 L???C@?G?w]Xf}
3 9 9 0 L???C@?G?w]Xzl
3 9 9 0 L???C@?G?w]Xvl
3 9 9 0 L???C@?G?w]Xr|
3 9 9 0 L???C@?G?w]Xf|
3 9 9 0 L???C@?G?w]Xrn
3 9 9 0 L???C@?G?w]Xfn
3 9 9 0 L???C@?G?w]Xb~
3 9 9 0 L???C@?G?w[\vc
3 9 9 0 L???C@?G?w[\~c
3 9 9 0 L???C@?G?w[\vs
3 9 9 0 L???C@?G?w[\ve
3 9 9 0 L???C@?G?w[\vd
3 9 9 0 L???C@?G?w[\~s
3 9 9 0 L???C@?G?w[\v{
3 9 9 0 L???C@?G?w[\~e
3 9 9 0 L???C@?G?w[\vu
3 9 9 0 L???C@?G?w[\~d
3 9 9 0 L???C@?G?w[\vt
3 9 9 0 L???C@?G?w[\vf
3 9 9 0 L???C@?G?w^w}k
3 9 9 0 L???C@?G?w^wvk
3 9 9 0 L???C@?G?w^w{{
3 9 9 0 L???C@?G?w^wu{
3 9 9 0 L???C@?G?w^wf{
3 9 9 0 L???C@?G?w^[|s
3 9 9 0 L???C@?G?w^[x{
3 9 9 0 L???C@?G?w^[t{
3 9 9 0 L???C@?G?w^p{{
3 9 9 0 L???C@?G?w^pu{
3 9 9 0 L???C@?G?w^pf{
3 9 9 0 L???C@?G?w^pw}
3 9 9 0 L???C@?G?w^ps}
3 9 9 0 L???C@?G?w^pe}
3 9 9 0 L???C@?G?w^pF}
3 9 9 0 L???C@?G?w^X|k
3 9 9 0 L???C@?G?w^Xvk
3 9 9 0 L???C@?G?w^Xx{
3 9 9 0 L???C@?G?w^Xt{
3 9 9 0 L???C@?G?w^Xf{
3 9 9 0 L???C@?G?w^Xxm
3 9 9 0 L???C@?G?w^Xtm
3 9 9 0 L???C@?G?w^Xp}
3 9 9 0 L???C@?G?w^Xd}
3 9 9 0 L???C@?G?w]\~c
3 9 9 0 L???C@?G?w]\zs
3 9 9 0 L???C@?G?w]\vs
3 9 9 0 L???C@?G?w]\r{
3 9 9 0 L???C@?G?w[^~o
3 9 18 0 L???C@?G?{]?B{
3 9 18 0 L???C@?G?{]?b{
3 9 18 0 L???C@?G?{]?F{
3 9 18 0 L???C@?G?{]?B}
3 9 18 0 L???C@?G?{]?B|
3 9 18 0 L???C@?G?{]?r{
3 9 18 0 L???C@?G?{]?f{
3 9 18 0 L???C@?G?{]?b}
3 9 18 0 L???C@?G?{]?F}
3 9 18 0 L???C@?G?{]?b|
3 9 18 0 L???C@?G?{]?F|
3 9 18 0 L???C@?G?{]?B~
3 9 18 0 L???C@?G?{]?z{
3 9 18 0 L???C@?G?{]?v{
3 9 18 0 L???C@?G?{]?r}
3 9 18 0 L???C@?G?{]?f}
3 9 18 0 L???C@?G?{]?r|
3 9 18 0 L???C@?G?{]?f|
3 9 18 0 L???C@?G?{]?b~
3 9 18 0 L???C@?G?{]?F~
3 9 18 0 L???C@?G?{]?~{
3 9 18 0 L???C@?G?{]?z}
3 9 18 0 L???C@?G?{]?v}
3 9 18 0 L???C@?G?{]?z|
3 9 18 0 L???C@?G?{]?v|
3 9 18 0 L???C@?G?{]?r~
3 9 18 0 L???C@?G?{]?f~
3 9 18 0 L???C@?G?{]?~}
3 9 18 0 L???C@?G?{]?~|
3 9 18 0 L???C@?G?{]?z~
3 9 18 0 L???C@?G?{]?v~
3 9 18 0 L???C@?G?{^?@{
3 9 18 0 L???C@?G?{^?`{
3 9 18 0 L???C@?G?{^?D{
3 9 18 0 L???C@?G?{^?@}
3 9 18 0 L???C@?G?{^?@|
3 9 18 0 L???C@?G?{^?p{
3 9 18 0 L???C@?G?{^?d{
3 9 18 0 L???C@?G?{^?F{
3 9 18 0 L???C@?G?{^?`}
3 9 18 0 L???C@?G?{^?D}
3 9 18 0 L???C@?G?{^?`|
3 9 18 0 L???C@?G?{^?D|
3 9 18 0 L???C@?G?{^?@~
3 9 18 0 L???C@?G?{^?x{
3 9 18 0 L???C@?G?{^?t{
3 9 18 0 L???C@?G?{^?f{
3 9 18 0 L???C@?G?{^?p}
3 9 18 0 L???C@?G?{^?d}
3 9 18 0 L???C@?G?{^?F}
3 9 18 0 L???C@?G?{^?p|
3 9 18 0 L???C@?G?{^?d|
3 9 18 0 L???C@?G?{^?F|
3 9 18 0 L???C@?G?{^?`~
3 9 18 0 L???C@?G?{^?D~
3 9 18 0 L???C@?G?{^?|{
3 9 18 0 L???C@?G?{^?v{
3 9 18 0 L???C@?G?{^?x}
3 9 18 0 L???C@?G?{^?t}
3 9 18 0 L???C@?G?{^?f}
3 9 18 0 L???C@?G?{^?x|
3 9 18 0 L???C@?G?{^?t|
3 9 18 0 L???C@?G?{^?f|
3 9 18 0 L???C@?G?{^?p~
3 9 18 0 L???C@?G?{^?d~
3 9 18 0 L???C@?G?{^?F~
3 9 18 0 L???C@?G?{^?~{
3 9 18 0 L???C@?G?{^?|}
3 9 18 0 L???C@?G?{^?v}
3 9 18 0 L???C@?G?{^?||
3 9 18 0 L???C@?G?{^?v|
3 9 18 0 L???C@?G?{^?x~
3 9 18 0 L???C@?G?{^?t~
3 9 18 0 L???C@?G?{^?f~
3 9 18 0 L???C@?G?{]Gbk
3 9 18 0 L???C@?G?{]Grk
3 9 18 0 L???C@?G?{]Gfk
3 9 18 0 L???C@?G?{]Gb{
3 9 18 0 L???C@?G?{]Gbm
3 9 18 0 L???C@?G?{]Gbl
3 9 18 0 L???C@?G?{]Gzk
3 9 18 0 L???C@?G?{]Gvk
3 9 18 0 L???C@?G?{]Gr{
3 9 18 0 L???C@?G?{]Gf{
3 9 18 0 L???C@?G?{]Grm
3 9 18 0 L???C@?G?{]Gfm
3 9 18 0 L???C@?G?{]Gb}
3 9 18 0 L???C@?G?{]Grl
3 9 18 0 L???C@?G?{]Gfl
3 9 18 0 L???C@?G?{]Gb|
3 9 18 0 L???C@?G?{]Gbn
3 9 18 0 L???C@?G?{]G~k
3 9 18 0 L???C@?G?{]Gz{
3 9 18 0 L???C@?G?{]Gv{
3 9 18 0 L???C@?G?{]Gzm
3 9 18 0 L???C@?G?{]Gvm
3 9 18 0 L???C@?G?{]Gr}
3 9 18 0 L???C@?G?{]Gf}
3 9 18 0 L???C@?G?{]Gzl
3 9 18 0 L???C@?G?{]Gvl
3 9 18 0 L???C@?G?{]Gr|
3 9 18 0 L???C@?G?{]Gf|
3 9 18 0 L???C@?G?{]Grn
3 9 18 0 L???C@?G?{]Gfn
3 9 18 0 L???C@?G?{]Gb~
3 9 18 0 L???C@?G?{]G~{
3 9 18 0 L???C@?G?{]G~m
3 9 18 0 L???C@?G?{]Gz}
3 9 18 0 L???C@?G?{]Gv}
3 9 18 0 L???C@?G?{]G~l
3 9 18 0 L???C@?G?{]Gz|
3 9 18 0 L???C@?G?{]Gv|
3 9 18 0 L???C@?G?{]Gzn
3 9 18 0 L???C@?G?{]Gvn
3 9 18 0 L???C@?G?{]Gr~
3 9 18 0 L???C@?G?{]Gf~
3 9 18 0 L???C@?G?{]@B{
3 9 18 0 L???C@?G?{]@b{
3 9 18 0 L???C@?G?{]@F{
3 9 18 0 L???C@?G?{]@B}
3 9 18 0 L???C@?G?{]@B|
3 9 18 0 L???C@?G?{]@r{
3 9 18 0 L???C@?G?{]@f{
3 9 18 0 L???C@?G?{]@b}
3 9 18 0 L???C@?G?{]@F}
3 9 18 0 L???C@?G?{]@b|
3 9 18 0 L???C@?G?{]@F|
3 9 18 0 L???C@?G?{]@B~
3 9 18 0 L???C@?G?{]@z{
3 9 18 0 L???C@?G?{]@v{
3 9 18 0 L???C@?G?{]@r}
3 9 18 0 L???C@?G?{]@f}
3 9 18 0 L???C@?G?{]@r|
3 9 18 0 L???C@?G?{]@f|
3 9 18 0 L???C@?G?{]@b~
3 9 18 0 L???C@?G?{]@F~
3 9 18 0 L???C@?G?{]@~{
3 9 18 0 L???C@?G?{]@z}
3 9 18 0 L???C@?G?{]@v}
3 9 18 0 L???C@?G?{]@z|
3 9 18 0 L???C@?G?{]@v|
3 9 18 0 L???C@?G?{]@r~
3 9 18 0 L???C@?G?{]@f~
3 9 18 0 L???C@?G?{[Hfk
3 9 18 0 L???C@?G?{[Hvk
3 9 18 0 L???C@?G?{[Hf{
3 9 18 0 L???C@?G?{[Hfm
3 9 18 0 L???C@?G?{[Hfl
3 9 18 0 L???C@?G?{[H~k
3 9 18 0 L???C@?G?{[Hv{
3 9 18 0 L???C@?G?{[Hvm
3 9 18 0 L???C@?G?{[Hf}
3 9 18 0 L???C@?G?{[Hvl
3 9 18 0 L???C@?G?{[Hf|
3 9 18 0 L???C@?G?{[Hfn
3 9 18 0 L???C@?G?{[H~{
3 9 18 0 L???C@?G?{[H~m
3 9 18 0 L???C@?G?{[Hv}
3 9 18 0 L???C@?G?{[H~l
3 9 18 0 L???C@?G?{[Hv|
3 9 18 0 L???C@?G?{[Hvn
3 9 18 0 L???C@?G?{[Hf~
3 9 18 0 L???C@?G?{^_o{
3 9 18 0 L???C@?G?{^_c{
3 9 18 0 L???C@?G?{^_E{
3 9 18 0 L???C@?G?{^_w{
3 9 18 0 L???C@?G?{^_s{
3 9 18 0 L???C@?G?{^_e{
3 9 18 0 L???C@?G?{^_F{
3 9 18 0 L???C@?G?{^_o}
3 9 18 0 L???C@?G?{^_c}
3 9 18 0 L???C@?G?{^_E}
3 9 18 0 L???C@?G?{^_o|
3 9 18 0 L???C@?G?{^_c|
3 9 18 0 L???C@?G?{^_E|
3 9 18 0 L???C@?G?{^_{{
3 9 18 0 L???C@?G?{^_u{
3 9 18 0 L???C@?G?{^_f{
3 9 18 0 L???C@?G?{^_w}
3 9 18 0 L???C@?G?{^_s}
3 9 18 0 L???C@?G?{^_e}
3 9 18 0 L???C@?G?{^_F}
3 9 18 0 L???C@?G?{^_w|
3 9 18 0 L???C@?G?{^_s|
3 9 18 0 L???C@?G?{^_e|
3 9 18 0 L???C@?G?{^_F|
3 9 18 0 L???C@?G?{^_o~
3 9 18 0 L???C@?G?{^_c~
3 9 18 0 L???C@?G?{^_E~
3 9 18 0 L???C@?G?{^_}{
3 9 18 0 L???C@?G?{^_v{
3 9 18 0 L???C@?G?{^_{}
3 9 18 0 L???C@?G?{^_u}
3 9 18 0 L???C@?G?{^_f}
3 9 18 0 L???C@?G?{^_{|
3 9 18 0 L???C@?G?{^_u|
3 9 18 0 L???C@?G?{^_f|
3 9 18 0 L???C@?G?{^_w~
3 9 18 0 L???C@?G?{^_s~
3 9 18 0 L???C@?G?{^_e~
3 9 18 0 L???C@?G?{^_F~
3 9 18 0 L???C@?G?{^Gpk
3 9 18 0 L???C@?G?{^G`{
3 9 18 0 L???C@?G?{^Gxk
3 9 18 0 L???C@?G?{^Gtk
3 9 18 0 L???C@?G?{^Gfk
3 9 18 0 L???C@?G?{^Gp{
3 9 18 0 L???C@?G?{^Gd{
3 9 18 0 L???C@?G?{^Gpm
3 9 18 0 L???C@?G?{^Gdm
3 9 18 0 L???C@?G?{^G`}
3 9 18 0 L???C@?G?{^Gpl
3 9 18 0 L???C@?G?{^G`|
3 9 18 0 L???C@?G?{^G|k
3 9 18 0 L???C@?G?{^Gvk
3 9 18 0 L???C@?G?{^Gx{
3 9 18 0 L???C@?G?{^Gt{
3 9 18 0 L???C@?G?{^Gf{
3 9 18 0 L???C@?G?{^Gxm
3 9 18 0 L???C@?G?{^Gtm
3 9 18 0 L???C@?G?{^Gfm
3 9 18 0 L???C@?G?{^Gp}
3 9 18 0 L???C@?G?{^Gd}
3 9 18 0 L???C@?G?{^Gxl
3 9 18 0 L???C@?G?{^Gtl
3 9 18 0 L???C@?G?{^Gfl
3 9 18 0 L???C@?G?{^Gp|
3 9 18 0 L???C@?G?{^Gd|
3 9 18 0 L???C@?G?{^Gpn
3 9 18 0 L???C@?G?{^Gdn
3 9 18 0 L???C@?G?{^G`~
3 9 18 0 L???C@?G?{^G~k
3 9 18 0 L???C@?G?{^G|{
3 9 18 0 L???C@?G?{^Gv{
3 9 18 0 L???C@?G?{^G|m
3 9 18 0 L???C@?G?{^Gvm
3 9 18 0 L???C@?G?{^Gx}
3 9 18 0 L???C@?G?{^Gt}
3 9 18 0 L???C@?G?{^Gf}
3 9 18 0 L???C@?G?{^G|l
3 9 18 0 L???C@?G?{^Gvl
3 9 18 0 L???C@?G?{^Gx|
3 9 18 0 L???C@?G?{^Gt|
3 9 18 0 L???C@?G?{^Gf|
3 9 18 0 L???C@?G?{^Gxn
3 9 18 0 L???C@?G?{^Gtn
3 9 18 0 L???C@?G?{^Gfn
3 9 18 0 L???C@?G?{^Gp~
3 9 18 0 L???C@?G?{^Gd~
3 9 18 0 L???C@?G?{]Kzc
3 9 18 0 L???C@?G?{]Kvc
3 9 18 0 L???C@?G?{]Krs
3 9 18 0 L???C@?G?{]Kre
3 9 18 0 L???C@?G?{]K~c
3 9 18 0 L???C@?G?{]Kzs
3 9 18 0 L???C@?G?{]Kvs
3 9 18 0 L???C@?G?{]Kr{
3 9 18 0 L???C@?G?{]Kze
3 9 18 0 L???C@?G?{]Kve
3 9 18 0 L???C@?G?{]Kru
3 9 18 0 L???C@?G?{]Kzd
3 9 18 0 L???C@?G?{]Kvd
3 9 18 0 L???C@?G?{]Krt
3 9 18 0 L???C@?G?{]Krf
3 9 18 0 L???C@?G?{]K~s
3 9 18 0 L???C@?G?{]Kz{
3 9 18 0 L???C@?G?{]Kv{
3 9 18 0 L???C@?G?{]K~e
3 9 18 0 L???C@?G?{]Kzu
3 9 18 0 L???C@?G?{]Kvu
3 9 18 0 L???C@?G?{]Kr}
3 9 18 0 L???C@?G?{]K~d
3 9 18 0 L???C@?G?{]Kzt
3 9 18 0 L???C@?G?{]Kvt
3 9 18 0 L???C@?G?{]Kr|
3 9 18 0 L???C@?G?{]Kzf
3 9 18 0 L???C@?G?{]Kvf
3 9 18 0 L???C@?G?{]Krv
3 9 18 0 L???C@?G?{^@`{
3 9 18 0 L???C@?G?{^@D{
3 9 18 0 L???C@?G?{^@p{
3 9 18 0 L???C@?G?{^@d{
3 9 18 0 L???C@?G?{^@F{
3 9 18 0 L???C@?G?{^@`}
3 9 18 0 L???C@?G?{^@D}
3 9 18 0 L???C@?G?{^@`|
3 9 18 0 L???C@?G?{^@D|
3 9 18 0 L???C@?G?{^@@~
3 9 18 0 L???C@?G?{^@x{
3 9 18 0 L???C@?G?{^@t{
3 9 18 0 L???C@?G?{^@f{
3 9 18 0 L???C@?G?{^@p}
3 9 18 0 L???C@?G?{^@d}
3 9 18 0 L???C@?G?{^@F}
3 9 18 0 L???C@?G?{^@p|
3 9 18 0 L???C@?G?{^@d|
3 9 18 0 L???C@?G?{^@F|
3 9 18 0 L???C@?G?{^@`~
3 9 18 0 L???C@?G?{^@D~
3 9 18 0 L???C@?G?{^@|{
3 9 18 0 L???C@?G?{^@v{
3 9 18 0 L???C@?G?{^@x}
3 9 18 0 L???C@?G?{^@t}
3 9 18 0 L???C@?G?{^@f}
3 9 18 0 L???C@?G?{^@x|
3 9 18 0 L???C@?G?{^@t|
3 9 18 0 L???C@?G?{^@f|
3 9 18 0 L???C@?G?{^@p~
3 9 18 0 L???C@?G?{^@d~
3 9 18 0 L???C@?G?{^@F~
3 9 18 0 L???C@?G?{]Hbk
3 9 18 0 L???C@?G?{]Hrk
3 9 18 0 L???C@?G?{]Hfk
3 9 18 0 L???C@?G?{]Hb{
3 9 18 0 L???C@?G?{]Hbm
3 9 18 0 L???C@?G?{]Hbl
3 9 18 0 L???C@?G?{]Hzk
3 9 18 0 L???C@?G?{]Hvk
3 9 18 0 L???C@?G?{]Hr{
3 9 18 0 L???C@?G?{]Hf{
3 9 18 0 L???C@?G?{]Hrm
3 9 18 0 L???C@?G?{]Hfm
3 9 18 0 L???C@?G?{]Hb}
3 9 18 0 L???C@?G?{]Hrl
3 9 18 0 L???C@?G?{]Hfl
3 9 18 0 L???C@?G?{]Hb|
3 9 18 0 L???C@?G?{]Hbn
3 9 18 0 L???C@?G?{]H~k
3 9 18 0 L???C@?G?{]Hz{
3 9 18 0 L???C@?G?{]Hv{
3 9 18 0 L???C@?G?{]Hzm
3 9 18 0 L???C@?G?{]Hvm
3 9 18 0 L???C@?G?{]Hr}
3 9 18 0 L???C@?G?{]Hf}
3 9 18 0 L???C@?G?{]Hzl
3 9 18 0 L???C@?G?{]Hvl
3 9 18 0 L???C@?G?{]Hr|
3 9 18 0 L???C@?G?{]Hf|
3 9 18 0 L???C@?G?{]Hrn
3 9 18 0 L???C@?G?{]Hfn
3 9 18 0 L???C@?G?{]Hb~
3 9 18 0 L???C@?G?{[Lvc
3 9 18 0 L???C@?G?{[L~c
3 9 18 0 L???C@?G?{[Lvs
3 9 18 0 L???C@?G?{[Lve
3 9 18 0 L???C@?G?{[Lvd
3 9 18 0 L???C@?G?{[L~s
3 9 18 0 L???C@?G?{[Lv{
3 9 18 0 L???C@?G?{[L~e
3 9 18 0 L???C@?G?{[Lvu
3 9 18 0 L???C@?G?{[L~d
3 9 18 0 L???C@?G?{[Lvt
3 9 18 0 L???C@?G?{[Lvf
3 9 18 0 L???C@?G?{^o{[
3 9 18 0 L???C@?G?{^ou[
3 9 18 0 L???C@?G?{^of[
3 9 18 0 L???C@?G?{^oF{
3 9 18 0 L???C@?G?{^o}[
3 9 18 0 L???C@?G?{^ov[
3 9 18 0 L???C@?G?{^of{
3 9 18 0 L???C@?G?{^o{]
3 9 18 0 L???C@?G?{^ou]
3 9 18 0 L???C@?G?{^of]
3 9 18 0 L???C@?G?{^oF}
3 9 18 0 L???C@?G?{^o{\
3 9 18 0 L???C@?G?{^ou\
3 9 18 0 L???C@?G?{^of\
3 9 18 0 L???C@?G?{^oF|
3 9 18 0 L???C@?G?{^g{k
3 9 18 0 L???C@?G?{^guk
3 9 18 0 L???C@?G?{^gw{
3 9 18 0 L???C@?G?{^gs{
3 9 18 0 L???C@?G?{^ge{
3 9 18 0 L???C@?G?{^g}k
3 9 18 0 L???C@?G?{^gvk
3 9 18 0 L???C@?G?{^g{{
3 9 18 0 L???C@?G?{^gu{
3 9 18 0 L???C@?G?{^gf{
3 9 18 0 L???C@?G?{^g{m
3 9 18 0 L???C@?G?{^gum
3 9 18 0 L???C@?G?{^gfm
3 9 18 0 L???C@?G?{^gw}
3 9 18 0 L???C@?G?{^gs}
3 9 18 0 L???C@?G?{^ge}
3 9 18 0 L???C@?G?{^g{l
3 9 18 0 L???C@?G?{^gul
3 9 18 0 L???C@?G?{^gw|
3 9 18 0 L???C@?G?{^gs|
3 9 18 0 L???C@?G?{^ge|
3 9 18 0 L???C@?G?{^Kxs
3 9 18 0 L???C@?G?{^Kp{
3 9 18 0 L???C@?G?{^K~c
3 9 18 0 L???C@?G?{^K|s
3 9 18 0 L???C@?G?{^Kvs
3 9 18 0 L???C@?G?{^Kx{
3 9 18 0 L???C@?G?{^Kt{
3 9 18 0 L???C@?G?{^K|e
3 9 18 0 L???C@?G?{^Kve
3 9 18 0 L???C@?G?{^Kxu
3 9 18 0 L???C@?G?{^Ktu
3 9 18 0 L???C@?G?{^Kp}
3 9 18 0 L???C@?G?{^Kxt
3 9 18 0 L???C@?G?{^Kp|
3 9 18 0 L???C@?G?{]M~o
3 9 18 0 L???C@?G?{]Mzw
3 9 18 0 L???C@?G?{]M~a
3 9 18 0 L???C@?G?{]Mzq
3 9 18 0 L???C@?G?{^`w{
3 9 18 0 L???C@?G?{^`s{
3 9 18 0 L???C@?G?{^`e{
3 9 18 0 L???C@?G?{^`F{
3 9 18 0 L???C@?G?{^`o}
3 9 18 0 L???C@?G?{^`c}
3 9 18 0 L???C@?G?{^`E}
3 9 18 0 L???C@?G?{^`{{
3 9 18 0 L???C@?G?{^`u{
3 9 18 0 L???C@?G?{^`f{
3 9 18 0 L???C@?G?{^`w}
3 9 18 0 L???C@?G?{^`s}
3 9 18 0 L???C@?G?{^`e}
3 9 18 0 L???C@?G?{^`F}
3 9 18 0 L???C@?G?{^`w|
3 9 18 0 L???C@?G?{^`s|
3 9 18 0 L???C@?G?{^`e|
3 9 18 0 L???C@?G?{^`F|
3 9 18 0 L???C@?G?{^`o~
3 9 18 0 L???C@?G?{^`c~
3 9 18 0 L???C@?G?{^`E~
3 9 18 0 L???C@?G?{^Hxk
3 9 18 0 L???C@?G?{^Htk
3 9 18 0 L???C@?G?{^Hfk
3 9 18 0 L???C@?G?{^Hp{
3 9 18 0 L???C@?G?{^Hd{
3 9 18 0 L???C@?G?{^Hpm
3 9 18 0 L???C@?G?{^H`}
3 9 18 0 L???C@?G?{^H|k
3 9 18 0 L???C@?G?{^Hvk
3 9 18 0 L???C@?G?{^Hx{
3 9 18 0 L???C@?G?{^Ht{
3 9 18 0 L???C@?G?{^Hf{
3 9 18 0 L???C@?G?{^Hxm
3 9 18 0 L???C@?G?{^Htm
3 9 18 0 L???C@?G?{^Hfm
3 9 18 0 L???C@?G?{^Hp}
3 9 18 0 L???C@?G?{^Hd}
3 9 18 0 L???C@?G?{^Hxl
3 9 18 0 L???C@?G?{^Htl
3 9 18 0 L???C@?G?{^Hfl
3 9 18 0 L???C@?G?{^Hp|
3 9 18 0 L???C@?G?{^Hd|
3 9 18 0 L???C@?G?{^Hpn
3 9 18 0 L???C@?G?{^H`~
3 9 18 0 L???C@?G?{]Lzc
3 9 18 0 L???C@?G?{]Lvc
3 9 18 0 L???C@?G?{]Lrs
3 9 18 0 L???C@?G?{]L~c
3 9 18 0 L???C@?G?{]Lzs
3 9 18 0 L???C@?G?{]Lvs
3 9 18 0 L???C@?G?{]Lr{
3 9 18 0 L???C@?G?{]Lze
3 9 18 0 L???C@?G?{]Lve
3 9 18 0 L???C@?G?{]Lru
3 9 18 0 L???C@?G?{]Lzd
3 9 18 0 L???C@?G?{]Lvd
3 9 18 0 L???C@?G?{]Lrt
3 9 18 0 L???C@?G?{[N~_
3 9 18 0 L???C@?G?{[N~o
3 9 18 0 L???C@?G?{[N~a
3 9 18 0 L???C@?G?{[N~`
3 9 18 0 L???C@?GFo?}Fb
3 9 24 0 L???C@_E?KOF^o
3 9 24 0 L???C@_E?KOF~o
3 9 24 0 L???C@_E?KOF^w
3 9 24 0 L???C@_E?KOF^p
3 9 24 0 L???C@_E?KOF~w
3 9 24 0 L???C@_E?KOF^{
3 9 24 0 L???C@_E?KOF~p
3 9 24 0 L???C@_E?KOF^x
3 9 24 0 L???C@_E?KOF~{
3 9 24 0 L???C@_E?KOF^}
3 9 24 0 L???C@_E?KOF~x
3 9 24 0 L???C@_E?KOF^|
3 9 24 0 L???C@_E?KOF~}
3 9 24 0 L???C@_E?KOF~|
3 9 24 0 L???C@_E?KOF^~
3 9 24 0 L???C@_E?KON~_
3 9 24 0 L???C@_E?KON~o
3 9 24 0 L???C@_E?KON~g
3 9 24 0 L???C@_E?KON~`
3 9 24 0 L???C@_E?KON~w
3 9 24 0 L???C@_E?KON~k
3 9 24 0 L???C@_E?KON~p
3 9 24 0 L???C@_E?KON~h
3 9 24 0 L???C@_E?KON~{
3 9 24 0 L???C@_E?KON~m
3 9 24 0 L???C@_E?KON~x
3 9 24 0 L???C@_E?KON~l
3 9 10 0 L???C@?K?WWRNw
3 9 10 0 L???C@?K?WWRnw
3 9 10 0 L???C@?K?WWRN{
3 9 10 0 L???C@?K?WWRNx
3 9 10 0 L???C@?K?WWR~w
3 9 10 0 L???C@?K?WWRn{
3 9 10 0 L???C@?K?WWRN}
3 9 10 0 L???C@?K?WWRnx
3 9 10 0 L???C@?K?WWRN|
3 9 10 0 L???C@?K?WWR~{
3 9 10 0 L???C@?K?WWRn}
3 9 10 0 L???C@?K?WWR~x
3 9 10 0 L???C@?K?WWRn|
3 9 10 0 L???C@?K?WWRN~
3 9 10 0 L???C@?K?WWR~}
3 9 10 0 L???C@?K?WWR~|
3 9 10 0 L???C@?K?WWRn~
3 9 10 0 L???C@?K?WWZng
3 9 10 0 L???C@?K?WWZ~g
3 9 10 0 L???C@?K?WWZnw
3 9 10 0 L???C@?K?WWZnk
3 9 10 0 L???C@?K?WWZnh
3 9 10 0 L???C@?K?WWZ~w
3 9 10 0 L???C@?K?WWZ~k
3 9 10 0 L???C@?K?WWZn{
3 9 10 0 L???C@?K?WWZnm
3 9 10 0 L???C@?K?WWZ~h
3 9 10 0 L???C@?K?WWZnx
3 9 10 0 L???C@?K?WWZnl
3 9 10 0 L???C@?K?WWZ~{
3 9 10 0 L???C@?K?WWZ~m
3 9 10 0 L???C@?K?WWZn}
3 9 10 0 L???C@?K?WWZ~x
3 9 10 0 L???C@?K?WWZ~l
3 9 10 0 L???C@?K?WWZn|
3 9 10 0 L???C@?K?WWZnn
3 9 10 0 L???C@?K?WW^~_
3 9 10 0 L???C@?K?WW^~o
3 9 10 0 L???C@?K?WW^~c
3 9 10 0 L???C@?K?WW^~`
3 9 10 0 L???C@?K?WW^~w
3 9 10 0 L???C@?K?WW^~s
3 9 10 0 L???C@?K?WW^~e
3 9 10 0 L???C@?K?WW^~p
3 9 10 0 L???C@?K?WW^~d
3 9 22 0 L???C@?K?[WBNw
3 9 22 0 L???C@?K?[WBnw
3 9 22 0 L???C@?K?[WBN{
3 9 22 0 L???C@?K?[WBNy
3 9 22 0 L???C@?K?[WBNx
3 9 22 0 L???C@?K?[WB~w
3 9 22 0 L???C@?K?[WBn{
3 9 22 0 L???C@?K?[WBny
3 9 22 0 L???C@?K?[WBN}
3 9 22 0 L???C@?K?[WBnx
3 9 22 0 L???C@?K?[WBN|
3 9 22 0 L???C@?K?[WBNz
3 9 22 0 L???C@?K?[WB~{
3 9 22 0 L???C@?K?[WB~y
3 9 22 0 L???C@?K?[WBn}
3 9 22 0 L???C@?K?[WB~x
3 9 22 0 L???C@?K?[WBn|
3 9 22 0 L???C@?K?[WBnz
3 9 22 0 L???C@?K?[WBN~
3 9 22 0 L???C@?K?[WB~}
3 9 22 0 L???C@?K?[WB~|
3 9 22 0 L???C@?K?[WB~z
3 9 22 0 L???C@?K?[WBn~
3 9 22 0 L???C@?K?[WJng
3 9 22 0 L???C@?K?[WJ~g
3 9 22 0 L???C@?K?[WJnw
3 9 22 0 L???C@?K?[WJnk
3 9 22 0 L???C@?K?[WJni
3 9 22 0 L???C@?K?[WJnh
3 9 22 0 L???C@?K?[WJ~w
3 9 22 0 L???C@?K?[WJ~k
3 9 22 0 L???C@?K?[WJn{
3 9 22 0 L???C@?K?[WJ~i
3 9 22 0 L???C@?K?[WJny
3 9 22 0 L???C@?K?[WJnm
3 9 22 0 L???C@?K?[WJ~h
3 9 22 0 L???C@?K?[WJnx
3 9 22 0 L???C@?K?[WJnl
3 9 22 0 L???C@?K?[WJnj
3 9 22 0 L???C@?K?[WJ~{
3 9 22 0 L???C@?K?[WJ~y
3 9 22 0 L???C@?K?[WJ~m
3 9 22 0 L???C@?K?[WJn}
3 9 22 0 L???C@?K?[WJ~x
3 9 22 0 L???C@?K?[WJ~l
3 9 22 0 L???C@?K?[WJn|
3 9 22 0 L???C@?K?[WJ~j
3 9 22 0 L???C@?K?[WJnz
3 9 22 0 L???C@?K?[WJnn
3 9 22 0 L???C@?K?[WN~_
3 9 22 0 L???C@?K?[WN~o
3 9 22 0 L???C@?K?[WN~c
3 9 22 0 L???C@?K?[WN~a
3 9 22 0 L???C@?K?[WN~`
3 9 22 0 L???C@?K?[WN~w
3 9 22 0 L???C@?K?[WN~s
3 9 22 0 L???C@?K?[WN~q
3 9 22 0 L???C@?K?[WN~e
3 9 22 0 L???C@?K?[WN~p
3 9 22 0 L???C@?K?[WN~d
3 9 22 0 L???C@?K?[WN~b
