# T=10 N=2^6,3^4,5^2,7,11,13,17 engine5 status=SUCCESS holes=0
5 10
1 11
2 12
12 13
9 14
9 15
11 16
3 17
10 18
1 20
0 21
19 22
8 24
12 25
3 26
4 27
25 28
18 30
19 32
10 33
1 34
6 35
34 36
36 39
23 40
36 42
9 44
12 45
20 48
17 50
13 51
5 52
40 54
39 55
33 56
51 60
27 63
3 64
61 65
37 66
59 68
17 70
52 72
74 75
68 77
42 78
53 80
33 81
18 84
82 85
7 88
60 90
66 91
92 96
88 99
71 100
90 102
63 104
96 105
76 108
49 110
13 112
21 117
68 119
36 120
108 126
49 130
25 132
132 135
23 136
113 140
0 143
88 144
59 150
15 153
13 154
150 156
99 160
60 162
59 165
103 168
160 170
57 175
31 176
19 180
58 182
157 187
9 189
44 192
0 195
55 198
73 200
60 204
124 208
167 210
22 216
91 220
147 221
45 224
72 225
35 231
210 234
102 238
169 240
49 252
201 255
231 260
263 264
37 270
176 272
261 273
14 275
73 280
73 286
160 288
22 297
211 300
42 306
161 308
119 312
117 315
163 320
22 324
22 325
127 330
41 336
80 340
127 350
48 351
172 352
81 357
79 360
32 364
49 374
324 378
83 385
329 390
329 396
247 400
87 405
240 408
44 416
77 420
97 425
242 429
130 432
249 440
232 442
268 448
432 450
40 455
177 459
343 462
264 468
368 476
67 480
82 495
284 504
186 510
509 520
29 525
119 528
426 540
16 544
299 546
69 550
173 560
44 561
384 567
117 572
524 576
570 585
238 594
486 595
593 600
576 612
377 616
47 624
467 630
520 648
469 650
191 660
57 663
140 672
582 675
311 680
495 693
197 700
390 702
163 704
528 714
579 715
517 720
319 728
179 748
450 756
276 765
399 770
551 780
559 792
633 800
217 810
784 816
300 819
539 825
652 832
576 840
657 850
539 858
592 864
831 880
407 884
454 891
0 900
479 910
312 918
608 924
721 935
696 936
447 945
144 952
227 960
404 975
907 990
981 1001
620 1008
487 1020
591 1040
629 1050
873 1053
620 1056
402 1071
607 1080
1036 1088
144 1092
831 1100
551 1105
1053 1120
149 1122
744 1134
1085 1144
277 1155
1110 1170
643 1188
957 1190
47 1200
736 1224
1217 1232
716 1248
1187 1260
1177 1275
1166 1287
304 1296
669 1300
357 1309
71 1320
414 1326
332 1344
1242 1350
893 1360
1020 1365
1284 1377
509 1386
1113 1400
570 1404
1404 1428
121 1430
1350 1440
448 1456
1392 1485
831 1496
764 1512
492 1530
153 1540
759 1547
966 1560
1152 1575
1292 1584
1353 1600
1446 1620
208 1632
318 1638
1289 1650
413 1680
772 1683
291 1700
1525 1716
346 1728
165 1755
611 1760
1551 1768
1372 1782
591 1785
720 1800
869 1820
340 1836
319 1848
267 1870
1456 1872
810 1890
1197 1904
179 1925
1619 1950
1237 1980
1770 1989
1443 2002
1868 2016
222 2025
216 2040
427 2079
620 2080
707 2100
1093 2106
140 2112
2040 2142
854 2145
2119 2160
1940 2184
1353 2200
466 2210
2147 2240
1403 2244
299 2268
55 2275
1399 2288
582 2295
409 2310
30 2340
2290 2376
2233 2380
1833 2400
963 2431
304 2448
1062 2457
433 2464
494 2475
140 2496
767 2520
577 2550
1393 2574
2032 2592
351 2600
1897 2618
1091 2640
2202 2652
1260 2700
272 2720
1326 2730
420 2754
860 2772
1607 2800
1681 2805
1059 2808
312 2835
2160 2856
2211 2860
589 2880
2700 2912
854 2925
667 2970
432 2975
599 2992
1366 3003
2938 3024
720 3060
2513 3080
408 3094
2869 3120
677 3150
16 3168
2823 3213
1567 3240
2828 3264
1093 3276
2491 3300
2476 3315
2749 3360
2863 3366
2151 3400
343 3432
572 3465
3090 3510
931 3520
759 3536
1534 3564
2166 3570
1256 3575
207 3600
397 3640
232 3672
601 3696
2907 3740
592 3744
72 3780
2992 3808
3327 3825
1179 3850
418 3861
989 3900
742 3927
3629 3960
1464 3978
425 4004
3212 4032
1797 4050
367 4080
3645 4095
1903 4158
2029 4160
1127 4200
1903 4212
1908 4284
1861 4290
786 4320
1436 4368
33 4400
2731 4420
3424 4455
4175 4488
2895 4536
1319 4550
695 4576
181 4590
3493 4620
3957 4641
1986 4675
4500 4680
1467 4725
2074 4752
3847 4760
2851 4800
123 4862
2032 4896
3498 4914
739 4928
1247 4950
2777 5005
4590 5040
2688 5049
4651 5100
2185 5148
4666 5184
869 5200
665 5236
1201 5265
2051 5280
3047 5304
3960 5355
5040 5400
3491 5440
1691 5460
1338 5508
5022 5525
5045 5544
5033 5600
1381 5610
2074 5616
3057 5670
4687 5712
5711 5720
5129 5775
3596 5824
1019 5850
2011 5940
4807 5950
4983 5967
48 5984
5159 6006
4234 6048
1980 6120
2953 6160
4072 6188
418 6237
2879 6240
4127 6300
1868 6336
3768 6426
2639 6435
1626 6480
1982 6545
1818 6552
1831 6600
726 6630
4860 6720
6005 6732
6727 6800
3419 6825
3901 6864
2067 6885
2777 6930
6660 7020
1776 7072
1399 7128
3540 7140
951 7150
1347 7200
7133 7280
834 7293
4336 7344
7276 7371
908 7392
5939 7425
6207 7480
5900 7488
5850 7560
2765 7616
3192 7650
4213 7700
7249 7722
4126 7735
2207 7800
7441 7854
6631 7920
5406 7956
6591 8008
7092 8100
6064 8160
2190 8190
4558 8316
7553 8400
2302 8415
4711 8424
4932 8568
3709 8580
2444 8640
1100 8736
177 8775
652 8800
6751 8840
157 8910
705 8925
743 8976
2290 9009
3370 9072
5640 9100
621 9152
2202 9180
3513 9240
4669 9282
2577 9350
2100 9360
7607 9450
3991 9504
8797 9520
7488 9639
3044 9724
5516 9792
3642 9828
6929 9900
3846 9945
9759 10010
5667 10080
7319 10098
6751 10200
9583 10296
4983 10395
10147 10400
4743 10472
8346 10530
5411 10560
9664 10608
6207 10710
7094 10725
8820 10800
3306 10920
4639 11016
8140 11050
8653 11088
3633 11200
3251 11220
3472 11232
1152 11340
6024 11424
5271 11440
8547 11475
6779 11550
2497 11583
8819 11700
1246 11781
11839 11880
10347 11900
10788 11934
11338 11968
3689 12012
11852 12096
9191 12155
9952 12240
9000 12285
6033 12320
2384 12376
6070 12474
12236 12480
3197 12600
7962 12852
4169 12870
8554 12960
973 13090
3932 13104
2407 13200
8526 13260
12832 13464
10447 13600
10680 13650
13676 13728
4362 13770
8407 13860
6513 13923
2261 14025
6840 14040
8076 14144
11790 14175
6394 14256
1656 14280
7691 14300
1292 14400
204 14560
12289 14586
1744 14688
13513 14742
5132 14784
7589 14850
2669 14960
904 15015
3197 15120
12298 15147
5760 15300
5033 15400
4873 15444
13226 15470
13769 15600
3745 15708
5324 15840
2208 15912
11836 16016
6522 16065
7951 16200
3751 16320
2886 16380
3465 16575
8122 16632
3353 16800
8941 16830
15466 16848
11882 17017
4583 17136
15191 17160
257 17325
13004 17472
5040 17550
7331 17600
2527 17680
487 17820
15027 17850
10005 17901
2224 17952
4968 18018
13738 18144
6207 18200
3426 18360
1833 18480
12582 18564
15351 18700
4748 18720
13680 18900
16762 19008
16227 19040
13974 19278
11704 19305
215 19448
9058 19635
6114 19656
1807 19800
18426 19890
7911 20020
9932 20160
15892 20196
14207 20400
19379 20475
9932 20592
20137 20790
7651 20800
17121 20944
17886 21060
18640 21216
900 21420
3179 21450
1642 21600
4511 21840
18364 21879
21487 22032
7207 22100
15020 22176
989 22275
21631 22440
17420 22464
12966 22680
6284 22848
17836 22880
6252 22950
18332 23100
3685 23166
17061 23205
9089 23400
1160 23562
22999 23760
5527 23800
4004 23868
14285 24024
20807 24310
15856 24480
20340 24570
12193 24640
17448 24752
1160 24948
14269 25025
14207 25200
20427 25245
10869 25704
10889 25740
9548 25920
10400 26180
908 26208
23341 26325
18691 26400
18726 26520
180 26775
19831 26928
26257 27027
5313 27200
3407 27300
13580 27456
726 27540
19157 27720
16152 27846
15241 28050
8346 28080
6792 28350
24106 28512
13292 28560
7369 28600
12172 29120
11431 29172
22028 29376
20694 29484
10889 29700
19212 29835
19751 29920
11189 30030
6826 30240
27771 30294
21327 30600
6033 30800
16484 30888
12966 30940
10072 31185
21569 31200
1700 31416
3020 31680
17008 31824
20143 32032
21642 32130
19469 32175
25402 32400
10566 32725
24750 32760
19141 33150
26266 33264
11753 33600
22291 33660
15133 33696
20891 34034
4940 34272
469 34320
6522 34425
27977 34650
14489 35100
24099 35343
28151 35360
19759 35640
7872 35700
366 35802
14119 35904
1309 36036
32012 36288
833 36400
4021 36465
31984 36720
26736 36855
6593 36960
35898 37128
391 37400
1868 37440
23357 37800
15751 38080
7170 38556
13189 38610
14740 38675
18167 38896
24247 39270
19916 39312
36727 39600
16086 39780
19351 40040
9631 40392
17247 40800
1307 40950
1004 41184
6277 41580
10491 41769
8748 41888
29266 42075
1326 42120
19724 42432
23580 42840
869 42900
29340 43200
21599 43680
40940 43758
31551 44064
9807 44200
9932 44352
32339 44550
30391 44880
11520 45045
24306 45360
37644 45760
15027 45900
9113 46200
32197 46332
16866 46410
20207 46800
1160 47124
26851 47520
20847 47600
8440 47736
41329 48048
47967 48195
11831 48620
25648 48960
25566 49140
2252 49504
16152 49725
1309 49896
15179 50050
17633 50400
41082 50490
30901 51051
7845 51408
997 51480
33927 51975
35607 52360
10508 52416
31902 52650
22079 52800
44376 53040
34830 53550
25072 53856
17941 54054
30929 54600
9906 55080
11519 55440
9048 55692
20191 56100
12666 56160
50292 56700
27130 57024
46146 57120
39151 57200
44374 57915
32287 58344
10575 58905
9726 58968
57089 59400
51342 59670
8871 59840
22849 60060
47927 60480
55957 60588
6726 60775
57151 61200
16560 61425
49153 61600
43628 61776
42086 61880
1912 62370
53411 62400
12061 62832
31696 63648
43020 64064
59586 64260
47069 64350
31882 64800
43989 65450
52470 65520
65488 65637
34951 66300
50890 66528
16351 67320
13004 67392
36636 68068
50951 68544
51491 68640
1122 68850
23429 69300
28845 69615
68220 70200
64167 70686
10471 70720
29290 71280
49620 71400
6 71604
30301 72072
12140 72800
17011 72930
17296 73440
3330 73710
23971 73920
34584 74256
72551 74800
46457 75075
2340 75600
47967 75735
71970 77112
20911 77220
25107 77350
60055 77792
68191 78540
45911 78624
62551 79200
56340 79560
64357 80080
29202 80325
27751 80784
69322 81081
6151 81600
20340 81900
29516 82368
52879 83160
5322 83538
1447 83776
42397 84150
82866 84240
75946 85085
52967 85680
6479 85800
14122 87360
16441 87516
31984 88128
22791 88400
47189 89100
28392 89505
34711 89760
36090 90090
40997 90720
66327 91800
34433 92400
32287 92664
56646 92820
391 93600
66071 94248
76639 95040
85247 95200
4768 95472
92300 96096
26736 96390
30689 96525
14911 97240
49351 98175
54360 98280
93055 99008
22590 99450
98410 99792
86979 100100
19107 100800
81211 100980
12883 102102
41982 102816
17239 102960
58007 103950
86269 104720
67907 105300
52557 106029
45287 106080
42480 107100
592 107712
88627 108108
70740 109200
98687 109395
39328 110160
4047 110880
35256 111384
69151 112200
40746 112320
10757 113400
96349 114240
25731 114400
19129 115830
23357 116025
94199 116688
102317 117810
107612 117936
74407 118800
14766 119340
66431 120120
79159 121176
611 121550
20752 122400
19080 122850
73793 123200
13279 123552
56124 123760
112537 124740
16131 125307
12223 125664
11247 126225
97100 127296
37446 128520
99989 128700
18922 129600
5491 130900
12150 131040
36445 131274
65551 132600
50026 133056
106951 134640
3330 135135
16063 136136
62051 137280
4092 137700
76593 138600
27786 139230
14220 140400
43643 141372
778 142560
29292 142800
12112 143208
20005 144144
69207 145600
44831 145860
50128 146880
10866 147420
45932 148512
81495 149175
4791 149600
129329 150150
22047 151200
102457 151470
21529 153153
89106 154224
39919 154440
61751 154700
137535 155584
40947 155925
65653 157080
116684 157248
77313 158400
67686 159120
3989 160160
96297 160650
98512 161568
32476 162162
146207 163800
44077 166320
41442 167076
96847 168300
54786 168480
871 170170
87567 171360
37169 171600
129703 175032
27312 176715
34951 176800
17489 178200
53016 179010
177487 179520
149497 180180
319 181440
159901 182325
140847 183600
36499 184275
86113 184800
127237 185328
181296 185640
136652 187200
3370 188496
76847 190400
130151 190944
121868 192192
46266 192780
69269 193050
41751 194480
93997 196350
5220 196560
79213 196911
91440 198900
88042 199584
26919 200200
195871 201960
137350 204204
85552 205632
107389 205920
36109 207900
65271 208845
162527 209440
183919 210600
83445 212058
102092 212160
44727 214200
81954 216216
183331 218400
121500 218790
2608 220320
24513 221760
207548 222768
185191 224400
38279 225225
161957 226800
86691 228800
185850 231660
123030 232050
11293 233376
170107 235620
1772 235872
208327 237600
147126 238680
76199 240240
130317 240975
41541 242352
195091 243100
216592 244800
151380 245700
2444 247104
68856 247520
70957 249480
224976 250614
124556 251328
206407 252450
13009 255255
130056 257040
75119 257400
67047 261800
138589 262080
136426 262548
146551 265200
201991 269280
194179 270270
125693 272272
233592 275400
135233 277200
70926 278460
148950 280800
186322 282744
120109 285120
30447 285600
203056 286416
78188 288288
142064 289575
71671 291720
193317 294525
57486 294840
176972 297024
189042 298350
122311 299200
42869 300300
31069 302400
152947 302940
997 306306
267144 308448
129829 308880
16007 309400
25159 311850
173351 314160
26269 318240
52879 320320
233727 321300
54448 323136
16843 324324
52879 327600
1399 328185
31018 332640
193938 334152
29527 336600
106626 336960
40911 340340
87511 342720
224369 343200
146655 348075
52477 350064
67667 353430
166551 353600
106597 356400
259566 358020
198469 360360
16381 364650
167632 367200
29657 368550
9233 369600
126922 370656
297336 371280
158602 376992
252222 378675
129616 381888
101706 385560
133619 386100
98951 388960
329851 392700
213750 393120
55453 393822
91080 397800
116554 399168
283129 400400
122791 403920
64755 405405
21589 408408
140791 411840
122793 415800
218027 417690
328618 418880
15439 421200
20002 424116
35906 425425
356847 428400
313309 432432
317731 436800
416927 437580
76048 440640
33610 445536
193902 447525
244151 448800
43039 450450
86357 453600
82372 459459
12874 463320
463740 464100
77290 466752
247847 471240
382796 471744
207233 475200
163399 477360
123631 480480
464847 481950
12874 484704
92391 486200
25020 491400
229388 495040
328666 498960
367404 501228
384607 504900
80951 510510
196206 514080
377599 514800
205647 523600
107527 525096
482782 530145
116551 530400
334967 538560
150750 540540
286255 544544
42686 546975
371292 550800
101633 554400
35976 556920
468407 561600
397535 565488
98327 571200
394000 572832
424268 576576
238589 579150
471191 583440
53807 589050
110946 589680
69702 596700
103829 600600
51967 605880
129697 612612
73860 616896
201647 617760
233831 618800
261393 623700
116706 626535
376631 628320
98687 636480
200652 642600
469066 648648
176220 655200
102379 656370
297130 665280
16278 668304
136077 673200
577084 675675
601471 680680
40931 686400
481590 696150
82124 700128
518179 706860
12874 712800
236046 716040
175237 720720
19651 729300
94192 734400
276259 737100
440554 741312
534829 742560
376535 753984
699747 757350
426994 765765
633426 771120
4919 772200
92391 777920
498151 785400
209226 786240
173254 787644
319092 795600
404389 800800
147647 807840
387409 810810
766333 816816
9233 831600
67566 835380
351407 842400
219586 848232
844351 850850
295727 856800
402538 864864
662591 875160
43377 883575
89612 891072
863772 895050
193727 897600
643907 900900
146207 907200
805081 918918
696289 926640
757991 928200
448879 942480
273199 954720
363871 960960
440142 963900
8087 969408
176391 972400
446220 982800
403834 984555
970186 997920
283782 1002456
217831 1009800
502069 1021020
304967 1028160
286769 1029600
771972 1044225
129389 1047200
269482 1050192
220092 1060290
1050551 1060800
78349 1081080
223564 1089088
364501 1093950
97647 1101600
42833 1108800
847416 1113840
402538 1130976
437159 1145664
327689 1158300
587869 1166880
234109 1178100
499746 1179360
368052 1193400
483329 1201200
654799 1211760
210487 1225224
284269 1235520
488631 1237600
1247077 1247400
568956 1253070
726079 1256640
348856 1276275
289077 1285200
668650 1297296
1010070 1310400
361759 1312740
1275280 1336608
29119 1346400
622129 1351350
724231 1361360
163453 1378377
535140 1392300
291271 1400256
60799 1413720
342922 1425600
51079 1432080
404389 1441440
319951 1458600
909540 1474200
119869 1485120
288942 1514700
1211179 1531530
729816 1542240
171679 1544400
174847 1570800
45613 1575288
96751 1591200
1484991 1601600
550471 1615680
1432939 1621620
25021 1633632
532831 1640925
286433 1663200
116706 1670760
499279 1684800
369274 1696464
541411 1701700
243492 1713600
1360381 1729728
954311 1750320
252222 1767150
538152 1790100
211529 1801800
265261 1837836
167719 1853280
15431 1856400
282559 1884960
619069 1909440
304197 1927800
116551 1944800
485910 1965600
372649 1969110
1960330 1995840
1561696 2004912
1192447 2019600
1443334 2027025
622189 2042040
638959 2059200
2025042 2088450
85439 2094400
1267807 2100384
1308199 2120580
1169599 2162160
953551 2187900
92029 2203200
290496 2227680
1108615 2261952
940909 2297295
2258189 2316600
381949 2333760
1467527 2356200
1285986 2358720
852 2386800
483991 2402400
2116039 2423520
2069575 2450448
103359 2475200
249157 2494800
151266 2506140
1174681 2552550
2385492 2570400
1067818 2594592
2187319 2625480
364677 2650725
1084336 2673216
789439 2692800
1308199 2702700
1743309 2722720
314437 2756754
839207 2784600
1003279 2827440
1742269 2864160
2638759 2882880
201911 2917200
418140 2948400
1849677 3029400
81649 3063060
340519 3084480
433039 3088800
916827 3132675
452047 3141600
198202 3150576
386239 3182400
2971399 3243240
1716607 3267264
429079 3281850
1395233 3326400
1459866 3341520
668650 3392928
2726231 3403400
370871 3500640
1252977 3534300
955572 3580200
2333839 3603600
160591 3675672
1309 3706560
888031 3712800
947839 3769920
91984 3828825
1566447 3855600
1672391 3889600
1665270 3931200
720139 3938220
893392 4009824
3449191 4039200
351859 4054050
141709 4084080
1933020 4176900
1112575 4200768
809239 4241160
1322959 4324320
1770991 4375800
1842109 4455360
4349479 4594590
2266231 4633200
1883327 4712400
3865511 4773600
1668559 4804800
1744189 4847040
3003997 4900896
1104754 4922775
4483039 4989600
3489252 5012280
2646151 5105100
1100292 5140800
69898 5189184
1312159 5250960
1364539 5301450
4551439 5405400
1114109 5445440
1499467 5513508
2654431 5569200
337999 5654880
4030879 5728320
785351 5834400
2305759 5896800
1374477 6058800
1703269 6126120
862429 6177600
1157802 6265350
4087591 6283200
2966557 6301152
6319309 6486480
1991431 6563700
225949 6683040
2464906 6785856
3687191 6806800
117139 6891885
2509789 7001280
3130727 7068600
3342372 7160400
4157149 7207200
1967935 7351344
374791 7425600
2676181 7657650
6705492 7711200
4967239 7876440
2230000 8019648
931677 8078400
1099889 8108100
313309 8168160
3898620 8353800
2721919 8482320
2715709 8648640
7012351 8751600
268699 9189180
5338399 9266400
4239527 9424800
955572 9547200
2427421 9801792
1991431 9845550
2986159 9979200
5985906 10024560
9853351 10210200
8867839 10501920
4075692 10602900
10317199 10810800
4589581 11027016
1903591 11138400
3165439 11309760
4928431 11486475
6339911 11668800
1716079 11793600
2951277 12117600
2784349 12252240
5013402 12530700
1809661 12602304
9267709 12972960
7825831 13127400
3588799 13366080
9770631 13613600
1376509 13783770
12555527 14137200
12889572 14320800
12805789 14414400
836959 14702688
2886391 15315300
2849892 15422400
7414429 15752880
241879 16216200
793789 16336320
4510831 16707600
2493949 16964640
5665951 17503200
1890319 18378360
9267709 18532800
2437727 18849600
6696829 19691100
18993199 20049120
5529031 20420400
6886220 21003840
2859477 21205800
2715709 21621600
4946509 22054032
19990220 22276800
6367231 22972950
11409229 24235200
8000989 24504480
8288029 25061400
13900909 25945920
24551111 26254800
8331831 27227200
6511639 27567540
2572231 28274400
5729172 28641600
16688012 29405376
17258111 30630600
1445869 31505760
19632689 32432400
1478711 33415200
14371309 33929280
27153694 34459425
1532300 35006400
18134239 36756720
15138631 39382200
23474119 40098240
1685191 40840800
2119069 42411600
15688669 43243200
2864074 44108064
9408740 45945900
20973949 49008960
4000231 50122800
5032940 52509600
35700799 55135080
3061549 56548800
27468311 61261200
18082759 63011520
17919469 64864800
6624140 66830400
351919 68918850
4994959 73513440
38877151 78764400
31871180 81681600
1001431 84823200
33001258 88216128
36997831 91891800
2718829 100245600
15448429 105019200
54079159 110270160
15138631 122522400
6963079 129729600
61084531 137837700
53955469 147026880
8447149 157528800
142303677 169646400
7047911 183783600
491149 200491200
29450989 220540320
15534860 245044800
45769231 275675400
1445869 315057600
78459949 367567200
318314119 441080640
137661031 551350800
76399831 735134400
53955469 1102701600
15138631 2205403200
