# T=10 N=2^6,3^4,5^2,7,11,13 engine4 scan
0 10
2 11
1 12
8 13
8 14
2 15
2 16
3 18
4 20
17 21
10 22
7 24
3 25
18 26
24 27
24 28
5 30
10 32
29 33
2 35
9 36
20 39
6 40
11 42
8 44
8 45
19 48
18 50
42 52
15 54
23 55
20 56
11 60
20 63
26 64
1 65
53 66
32 70
27 72
8 75
28 77
5 78
14 80
60 81
40 84
70 88
12 90
13 91
43 96
0 99
16 100
38 104
26 105
33 108
38 110
16 112
74 117
54 120
41 126
108 130
65 132
23 135
116 140
102 143
63 144
108 150
84 154
58 156
26 160
95 162
59 165
149 168
23 175
38 176
28 180
75 182
54 189
91 192
134 195
36 198
198 200
46 208
29 210
87 216
56 220
27 224
38 225
77 231
29 234
41 240
5 252
118 260
22 264
42 270
65 273
213 275
156 280
152 286
135 288
144 297
36 300
196 308
46 312
149 315
54 320
195 324
88 325
322 330
187 336
298 350
344 351
102 352
48 360
79 364
180 378
301 385
389 390
89 396
296 400
248 405
410 416
281 420
401 429
384 432
118 440
379 448
138 450
114 455
70 462
119 468
442 480
419 495
427 504
62 520
173 525
262 528
222 540
413 546
238 550
496 560
125 567
282 572
187 576
224 585
522 594
256 600
308 616
598 624
516 630
411 648
288 650
659 660
667 672
338 675
378 693
76 700
227 702
518 704
713 715
374 720
552 728
67 756
672 770
641 780
558 792
314 800
113 810
677 819
667 825
506 832
832 840
635 858
279 864
534 880
171 891
508 900
469 910
616 924
423 936
882 945
634 960
808 975
269 990
91 1001
235 1008
54 1040
191 1050
1004 1053
951 1056
528 1080
665 1092
896 1100
314 1120
978 1134
622 1144
88 1155
269 1170
855 1188
1194 1200
1192 1232
430 1248
1168 1260
773 1287
135 1296
1258 1300
382 1320
955 1344
443 1350
299 1365
216 1386
576 1400
815 1404
479 1430
134 1440
782 1456
1004 1485
720 1512
476 1540
862 1560
1281 1575
135 1584
698 1600
1572 1620
881 1638
388 1650
401 1680
1270 1716
379 1728
1514 1755
1512 1760
1071 1782
1074 1800
509 1820
1204 1848
135 1872
96 1890
1281 1925
1343 1950
412 1980
19 2002
571 2016
68 2025
873 2079
314 2080
508 2100
41 2106
166 2112
869 2145
999 2160
1133 2184
688 2200
1594 2240
684 2268
531 2275
2286 2288
2051 2310
899 2340
1935 2376
1736 2400
1301 2457
282 2464
1973 2475
2106 2496
2141 2520
305 2574
2295 2592
1056 2600
454 2640
1788 2700
2392 2730
2196 2772
1448 2800
2151 2808
2003 2835
1662 2860
854 2880
1718 2912
443 2925
1512 2970
2912 3003
1099 3024
622 3080
1822 3120
2423 3150
2295 3168
2112 3240
1140 3276
988 3300
161 3360
1558 3432
2219 3465
509 3510
954 3520
680 3564
2613 3575
2848 3600
1336 3640
3605 3696
2970 3744
1356 3780
126 3850
1692 3861
958 3900
702 3960
2418 4004
3258 4032
1193 4050
2639 4095
306 4158
534 4160
1336 4200
3551 4212
149 4290
2138 4320
2782 4368
2888 4400
113 4455
1896 4536
3313 4550
4343 4576
3941 4620
4409 4680
1148 4725
3015 4752
1274 4800
3785 4914
1274 4928
3438 4950
3967 5005
881 5040
2663 5148
567 5184
154 5200
2759 5265
3814 5280
4038 5400
4499 5460
5022 5544
856 5600
4743 5616
2868 5670
5278 5720
4361 5775
3770 5824
1793 5850
342 5940
5122 6006
3593 6048
4221 6160
2975 6237
2302 6240
5308 6300
279 6336
2234 6435
4455 6480
4752 6552
1336 6600
6074 6720
1138 6825
2614 6864
4499 6930
4559 7020
6377 7128
5638 7150
1434 7200
634 7280
1904 7371
1626 7392
3138 7425
2682 7488
4752 7560
3248 7700
4365 7722
6834 7800
3582 7920
1062 8008
3443 8100
5669 8190
1134 8316
2536 8400
1362 8424
1402 8580
1431 8640
1274 8736
2918 8775
456 8800
7596 8910
6974 9009
2736 9072
4136 9100
8214 9152
7672 9240
1289 9360
4523 9450
6903 9504
4416 9828
2088 9900
3129 10010
6374 10080
9881 10296
1589 10395
7034 10400
7439 10530
5974 10560
3443 10725
474 10800
2456 10920
749 11088
3656 11200
11223 11232
7272 11340
3494 11440
4206 11550
1296 11583
3143 11700
8262 11880
7910 12012
6139 12096
5213 12285
5896 12320
5000 12474
5014 12480
4548 12600
6839 12870
9594 12960
2081 13104
2376 13200
5993 13650
10534 13728
1708 13860
10649 14040
8888 14175
3447 14256
688 14300
3194 14400
262 14560
4361 14742
5178 14784
8888 14850
10829 15015
5388 15120
2288 15400
3974 15444
794 15600
2054 15840
3822 16016
14963 16200
7439 16380
14784 16632
5336 16800
10680 16848
7822 17160
14798 17325
1622 17472
4043 17550
6138 17600
6863 17820
4865 18018
5751 18144
15056 18200
11921 18480
12954 18720
14393 18900
10071 19008
4049 19305
17201 19656
688 19800
15379 20020
14202 20160
20018 20475
1194 20592
17003 20790
15354 20800
20939 21060
2338 21450
17754 21600
17369 21840
7542 22176
14963 22275
11706 22464
6972 22680
3862 22880
13288 23100
1787 23166
14393 23400
14382 23760
22270 24024
22379 24570
2536 24640
14832 24948
3768 25025
13656 25200
4223 25740
24954 25920
14726 26208
6863 26325
19848 26400
17603 27027
4694 27300
3670 27456
8141 27720
27254 28080
19643 28350
12951 28512
4758 28600
21434 29120
23711 29484
21588 29700
4634 30030
13169 30240
3696 30800
207 30888
11457 31185
28858 31200
21114 31680
8790 32032
663 32175
10913 32400
20096 32760
25920 33264
2874 33600
18711 33696
17014 34320
16373 34650
11238 35100
25848 35640
6935 36036
13527 36288
5256 36400
32513 36855
22001 36960
3194 37440
30848 37800
16919 38610
3978 39312
37788 39600
7354 40040
6058 40950
27927 41184
17556 41580
12594 42120
36988 42900
13434 43200
42074 43680
18630 44352
23873 44550
19844 45045
45072 45360
40378 45760
16548 46200
3056 46332
20154 46800
2952 47520
29662 48048
29069 49140
49608 49896
16088 50050
29336 50400
51354 51480
10073 51975
11414 52416
2138 52650
22394 52800
46247 54054
2158 54600
17381 55440
55194 56160
39893 56700
54999 57024
18038 57200
47768 57915
5567 58968
53988 59400
9119 60060
21114 60480
55343 61425
59656 61600
40599 61776
21852 62370
48954 62400
54550 64064
34643 64350
32838 64800
59654 65520
25416 66528
62970 67392
58394 68640
63623 69300
5388 70200
13527 71280
43577 72072
8056 72800
24449 73710
28154 73920
31238 75075
12948 75600
68399 77220
50970 78624
19674 79200
62662 80080
1202 81081
25556 81900
2682 82368
75768 83160
3354 84240
9958 85800
23354 87360
22388 89100
35088 90090
5648 90720
22176 92400
20007 92664
34554 93600
58554 95040
5278 96096
6968 96525
45576 98280
31325 99792
58188 100100
14458 100800
56054 102960
94488 103950
14288 105300
82481 108108
38856 109200
99162 110880
7674 112320
112793 113400
103738 114400
14459 115830
80520 117936
97188 118800
25702 120120
46013 122850
31656 123200
2583 123552
118643 124740
40288 128700
59648 129600
7814 131040
56250 133056
3458 135135
1174 137280
41388 138600
32393 140400
87192 142560
109274 144144
11258 145600
101939 147420
43673 150150
12474 151200
66509 154440
70448 155925
4097 157248
70074 158400
144822 160160
148505 162162
88136 163800
31302 166320
94074 168480
23238 171600
167838 178200
12689 180180
954 181440
83813 184275
82056 184800
134055 185328
147834 187200
150646 192192
93143 193050
181656 196560
171639 199584
39188 200200
184154 205920
71748 207900
119693 210600
93300 216216
12536 218400
173862 221760
165998 225225
27113 226800
121338 228800
191948 231660
96282 235872
227034 237600
149782 240240
102593 245700
53271 247104
82872 249480
26838 257400
31574 262080
10409 270270
42048 277200
92154 280800
241623 285120
83066 288288
288338 289575
133733 294840
10588 300300
81248 302400
187278 308880
278348 311850
149422 320320
3056 324324
242993 327600
264312 332640
42234 336960
115258 343200
49038 356400
17369 360360
310613 368550
31994 369600
262359 370656
350543 386100
252954 393120
29079 399168
8056 400400
400064 405405
70074 411840
5388 415800
166056 421200
14944 432432
177658 436800
126088 450450
156848 453600
365478 463320
17658 471744
84474 475200
224902 480480
2693 491400
110727 498960
126958 514800
211043 540540
85848 554400
94394 561600
245518 576576
405788 579150
436529 589680
372056 600600
531798 617760
511088 623700
14936 648648
62936 655200
238167 665280
96698 675675
65338 686400
583638 712800
676078 720720
84593 737100
718551 741312
80988 772200
722234 786240
481256 800800
197213 810810
243648 831600
158874 842400
591878 864864
507143 900900
232448 907200
405518 926640
339194 960960
526056 982800
752247 997920
94394 1029600
76668 1081080
775674 1108800
95288 1158300
633089 1179360
744456 1201200
144954 1235520
253913 1247400
1011206 1297296
552058 1310400
1188173 1351350
1096983 1425600
629902 1441440
563856 1474200
140388 1544400
1042234 1601600
535199 1621620
924048 1663200
840954 1684800
303590 1729728
254788 1801800
804087 1853280
79193 1965600
1179927 1995840
1090238 2027025
688634 2059200
2020214 2162160
524588 2316600
239969 2358720
262856 2402400
1478448 2494800
722918 2594592
138593 2702700
1590862 2882880
72456 2948400
2527638 3088800
292928 3243240
92448 3326400
2357758 3603600
661527 3706560
1589754 3931200
2607773 4054050
1299494 4324320
211038 4633200
751034 4804800
363048 4989600
770391 5189184
1490388 5405400
1055256 5896800
5487738 6177600
578774 6486480
2010056 7207200
1489943 8108100
2609894 8648640
227238 9266400
2857848 9979200
421188 10810800
279354 11793600
2740934 12972960
285434 14414400
565763 16216200
11665338 18532800
159088 21621600
629902 25945920
243648 32432400
115258 43243200
198456 64864800
70074 129729600
