# T=3 N=2^5,3^3,5^2,7,11 engine4 scan
0 3
1 6
2 9
4 12
5 18
10 24
8 27
14 36
22 48
17 54
32 72
46 96
26 108
68 144
44 216
53 270
94 288
80 432
98 540
140 720
152 864
107 1080
161 1350
190 1440
188 1512
215 1890
286 2016
206 2160
269 2700
296 3024
284 3600
314 3780
368 4320
428 5040
377 5400
422 5940
404 6048
478 7200
485 7560
572 7920
431 9450
584 9504
574 10080
530 10800
539 11880
701 14850
620 15120
716 15840
836 16632
755 18900
1025 20790
647 21600
862 22176
746 23760
1004 25200
809 29700
728 30240
1052 33264
854 37800
1292 39600
962 41580
766 47520
1054 50400
1148 55440
917 59400
800 66528
971 75600
1342 79200
1070 83160
1079 103950
1150 110880
1232 118800
1160 151200
1268 166320
1241 207900
1286 237600
1436 277200
1295 332640
1349 415800
1438 554400
1394 831600
1448 1663200
269 2970
368 4752
512 756
284 1008
314 1188
98 2376
286 3168
80 8316
140 11088
134 135
356 360
323 378
382 480
530 594
670 672
566 675
350 945
107 1485
284 1584
908 1680
958 2400
1508 2520
94 3360
212 3960
206 4158
1106 4725
1246 5280
478 7392
26 7425
1388 8400
1970 10395
1364 12600
1918 16800
332 18480
644 19800
1726 26400
932 27720
1534 36960
1376 51975
2012 92400
1652 138600
2206 184800
17 45
80 90
116 180
53 189
71 225
46 240
125 315
44 336
308 420
251 450
356 504
395 630
798 800
134 900
44 990
190 1056
254 1120
238 1200
1115 1260
656 1575
1364 1800
674 1980
92 2640
881 3150
404 4200
224 4950
428 5544
3294 5600
1781 6300
404 6930
694 9240
1214 9900
414 12320
4318 13200
1088 13860
1556 17325
3131 34650
214 46200
2174 61600
1754 69300
2 4
4 5
3 7
4 8
8 10
0 11
9 14
