# T=3 N=2^6,3^4,5^2,7,11,13 engine4 scan
0 3
1 6
2 9
4 12
5 18
10 24
8 27
14 36
22 48
17 54
32 72
26 81
46 96
44 108
68 144
53 162
94 192
98 216
140 288
80 324
206 432
190 576
134 648
161 810
284 864
242 1296
296 1620
382 1728
422 2160
458 2592
574 2880
323 3240
485 4050
572 4320
566 4536
860 5184
647 5670
620 6480
809 8100
854 8640
890 9072
1286 10800
944 11340
958 12096
1106 12960
1150 14400
1718 15120
1133 16200
1268 17820
1214 18144
1534 19008
1726 20160
1592 21060
1436 21600
1724 22464
1457 22680
2150 23760
1619 25920
1295 28350
1754 28512
2300 30240
2302 31680
1943 32400
2402 33696
2240 35640
1862 36288
2878 37440
2753 42120
3014 43200
2105 44550
2186 45360
3164 47520
2510 49896
2915 52650
4028 56160
2267 56700
2588 57024
3158 58968
2686 60480
3077 62370
2429 64800
3452 67392
2888 71280
3887 73710
3446 75600
3212 84240
3725 89100
2564 90720
3262 95040
3482 99792
4030 100800
4049 105300
5174 112320
3239 113400
3806 117936
4310 118800
4184 124740
3698 129600
4414 133056
5606 140400
3860 142560
4697 147420
3878 151200
5180 157248
5182 158400
6038 166320
4316 168480
4373 178200
4454 181440
5758 187200
8198 196560
4346 199584
4832 210600
4606 221760
4778 226800
4508 231660
4994 235872
5756 237600
4990 247104
5480 249480
7486 262080
7334 280800
4859 285120
5507 294840
6142 302400
6470 308880
5345 311850
6620 332640
5183 336960
5669 356400
6965 368550
6908 370656
8348 393120
5750 399168
8062 411840
5993 421200
5804 453600
6128 463320
6074 471744
6718 475200
6398 498960
6910 561600
6155 579150
6290 589680
7484 617760
7127 623700
7046 648648
7870 665280
6479 712800
6452 737100
6938 741312
8636 786240
8747 810810
7766 831600
7289 842400
7370 907200
7748 926640
9926 982800
7424 997920
9790 1108800
7613 1158300
7586 1179360
8446 1235520
7775 1247400
7694 1297296
8638 1310400
7772 1425600
7937 1474200
8630 1544400
8072 1621620
10076 1663200
8099 1684800
9598 1729728
8720 1853280
10358 1965600
8342 1995840
10942 2059200
10790 2162160
8423 2316600
8666 2358720
8990 2494800
9500 2594592
10366 2882880
8882 2948400
11654 3088800
9044 3243240
10174 3326400
9233 3706560
10364 3931200
9395 4054050
10940 4324320
9368 4633200
9530 4989600
10178 5189184
9557 5896800
11518 6177600
9692 6486480
10205 8108100
11326 8648640
9719 9266400
10286 9979200
12518 10810800
10340 11793600
10367 12972960
12670 14414400
10529 16216200
10853 18532800
11804 21621600
10664 25945920
10988 32432400
11902 43243200
10934 64864800
11015 129729600
1538 2268
1150 4032
860 6048
6776 7128
2429 8910
4028 9504
647 10530
860 11232
1106 14256
1106 16848
242 24948
2150 28080
2878 44352
944 46332
2302 52416
572 66528
2588 78624
3536 92664
809 115830
1436 123552
3698 185328
1916 324324
1286 432432
574 576576
6044 864864
404 405
958 960
638 1080
1106 1134
1148 1440
1592 1782
1700 2025
161 2106
1862 2835
2150 3024
2564 3564
1268 4212
1538 4455
422 4752
3070 4800
1457 5265
382 6336
766 6720
4316 7200
1754 8424
3740 10080
4222 10560
620 12474
3320 14175
3239 14742
284 15840
284 18720
80 22275
9854 23166
13526 25200
890 26325
3860 29484
5912 31185
2582 33264
8830 33600
1052 36855
2366 37800
4310 39312
9500 50400
14590 52800
323 57915
854 61776
11710 62400
1342 73920
12956 79200
958 82368
1070 83160
4606 87360
21596 93600
3230 98280
8060 110880
15260 131040
6142 137280
5390 154440
8180 155925
7262 162162
12392 184275
21884 205920
2726 277200
4130 289575
18566 327600
190 369600
11582 405405
4526 415800
2110 436800
206 491400
18140 554400
17276 655200
9022 686400
710 720720
11006 772200
5566 960960
2876 1029600
11870 1081080
13244 1441440
14417 2027025
1430 3603600
7102 4804800
8846 5405400
14396 7207200
53 135
242 270
382 480
26 540
215 675
710 720
190 1344
755 1350
377 1890
2012 2016
126 2240
190 2400
1295 2700
2012 3168
2686 3360
917 3510
2006 3600
2012 3744
3347 3780
1970 4725
286 5040
3446 5400
5612 5616
3644 5940
1997 7020
2300 7488
854 7560
1724 7920
5210 9450
10430 11200
1934 11880
1727 12285
9566 12600
1934 14040
6830 14850
6430 16800
2645 18900
4967 20790
8636 22176
3617 24570
1148 26208
2110 26400
5264 29700
4510 31200
6830 35100
18524 36960
134 38610
6326 39600
10652 41184
11744 41580
1820 43680
20876 46800
7397 49140
43145 51975
1580 55440
15326 59400
4670 61425
25340 65520
43004 68640
2366 70200
3104 77220
12524 102960
11960 103950
107 122850
3710 123200
1187 135135
17126 138600
21308 144144
5310 145600
5966 163800
9310 184800
56780 193050
11204 207900
16412 216216
14110 218400
13445 245700
6857 270270
143708 288288
16510 343200
2084 360360
4724 386100
23804 480480
23756 514800
10637 540540
47870 675675
15227 1351350
26110 1601600
566 1801800
18910 2402400
12527 2702700
2 4
4 5
4 7
4 8
7 10
3 11
1 13
12 14
5 15
