# T=3 N=2^4,3^2,5,7,11 engine4 scan
0 3
1 6
2 9
4 12
5 18
10 24
8 36
22 48
14 72
17 90
26 144
32 180
46 240
35 360
50 504
53 630
62 720
71 990
98 1008
68 1260
134 1584
94 1680
89 1980
104 2520
142 2640
125 3960
122 5040
194 5544
143 6930
140 7920
242 11088
161 13860
190 18480
176 27720
179 55440
62 792
71 126
32 252
46 336
17 1386
212 2772
238 3696
44 45
26 120
32 198
188 315
68 396
26 495
46 528
30 560
80 693
2 840
22 1320
70 1848
278 3465
38 4620
78 6160
118 9240
5 15
14 16
11 30
38 60
14 63
80 84
23 105
20 168
203 210
202 280
173 420
122 660
8 924
38 1155
353 2310
82 3080
2 4
3 5
5 7
0 8
4 10
0 11
2 14
16 20
