# T=3 N=2^5,3^3,5^2,7,11,13 engine4 scan
0 3
1 6
2 9
4 12
5 18
10 24
8 27
14 36
22 48
17 54
32 72
46 96
26 108
68 144
44 216
53 270
94 288
80 432
98 540
140 720
152 864
107 1080
161 1350
190 1440
188 1512
215 1890
286 2016
206 2160
269 2700
296 3024
284 3600
314 3780
368 4320
428 5040
377 5400
422 5940
404 6048
530 7020
478 7200
485 7560
572 7920
716 9360
431 9450
584 9504
574 10080
539 10800
800 11232
647 11880
746 14040
701 14850
620 15120
766 15840
836 16632
809 17550
1054 18720
755 18900
1052 19656
1025 20790
917 21600
862 22176
962 23760
1295 24570
1004 25200
1150 26208
1070 28080
971 29700
728 30240
1160 33264
1079 35100
854 37800
1268 39312
1292 39600
1394 41580
1436 46800
1232 47520
1565 49140
1148 50400
1868 55440
1286 56160
1241 59400
2156 65520
1438 66528
1349 70200
1457 75600
1502 77220
1484 78624
1342 79200
1727 83160
1724 93600
1610 98280
2012 102960
1781 103950
1726 110880
1619 118800
1835 122850
1448 123552
2014 131040
1664 140400
1592 151200
1826 154440
1916 166320
2051 193050
1934 196560
2206 205920
1889 207900
2348 216216
1918 237600
1997 245700
2915 270270
2444 277200
2096 280800
2878 288288
2042 308880
2588 327600
2024 332640
2150 386100
2132 393120
2321 415800
2456 432432
2159 491400
2732 514800
2375 540540
2590 554400
2312 617760
2494 655200
2876 720720
2429 772200
2474 831600
2528 864864
2537 982800
2782 1029600
2564 1081080
2591 1351350
3166 1441440
2582 1544400
2645 1663200
2690 1965600
2780 2162160
2699 2702700
2807 3088800
3164 3603600
2888 4324320
2906 5405400
3308 7207200
2960 10810800
2996 21621600
368 61776
512 756
716 1008
746 2376
269 2970
286 3168
215 3510
190 3744
800 4752
1232 5616
80 8316
728 9828
284 11088
572 13104
314 15444
1178 30888
539 38610
574 41184
206 108108
860 144144
134 135
152 378
382 480
161 594
566 675
152 702
350 945
1070 1188
962 1404
107 1485
716 1584
428 1872
958 2400
1508 2520
584 2808
1054 3360
1403 4158
1106 4725
2312 4914
1246 5280
286 6240
26 7425
1124 7722
296 8775
1970 10395
620 12285
644 12600
2398 16800
332 18480
917 19305
140 20592
908 21840
3838 26400
788 27720
1918 31200
68 32760
94 36960
5374 43680
212 51480
1376 51975
1718 54054
7721 61425
4126 68640
1628 92400
478 96096
2726 96525
2828 109200
3860 135135
1364 138600
356 163800
6238 184800
5854 218400
812 240240
932 257400
4318 343200
1076 360360
1534 480480
3671 675675
236 1201200
1652 1801800
4606 2402400
17 45
80 90
116 120
8 180
71 225
46 240
212 360
251 450
575 630
670 672
431 900
125 990
190 1056
414 1120
764 1200
125 1260
881 1575
188 1680
989 1755
1724 1800
854 1980
134 2340
2638 2640
305 3150
80 3465
296 3960
224 4680
3986 4950
1374 5600
926 5850
4481 6300
1655 6930
766 7392
305 8190
4508 8400
3838 8736
7838 8800
934 9240
1295 9900
1748 10920
566 11700
1214 12320
44 12870
11038 13200
1630 13728
2285 13860
254 14560
1004 15600
1115 16380
14381 17325
644 19800
15731 20475
2804 23400
1754 25740
2158 34320
4805 34650
935 40950
395 45045
238 46200
404 54600
4574 61600
836 64350
5381 69300
10334 72800
6281 81900
7325 90090
2718 114400
2468 120120
2114 128700
2334 160160
3118 171600
3014 180180
6506 225225
2195 450450
598 600600
4734 800800
2015 900900
2 4
0 5
4 7
0 8
8 10
0 11
4 13
6 14
14 15
1 16
1 20
