# T=4 N=2^5,3^3,5^2,7,11,13 engine4 scan
0 4
1 6
2 8
3 12
6 16
5 18
9 24
14 32
11 36
21 48
17 54
29 72
30 96
35 108
45 144
53 216
62 288
65 360
89 432
94 480
107 540
93 720
141 864
137 1080
158 1440
161 1512
209 1800
254 2016
197 2160
190 2400
281 2520
215 2700
285 3024
286 3360
237 3600
323 3780
353 3960
305 4320
413 4752
381 5040
382 5280
431 5400
429 5616
539 5940
377 6048
478 6240
446 7200
497 7560
525 7920
669 9360
573 9504
542 10080
569 10800
737 11232
629 11880
641 12600
857 14040
593 15120
713 15840
809 16632
670 16800
734 18720
755 18900
1025 19656
929 19800
957 21600
830 22176
1289 23400
845 23760
1001 25200
1118 26208
862 26400
1073 27720
861 28080
971 29700
717 30240
958 31200
1361 32760
1149 33264
1295 35100
766 36960
863 37800
1241 39312
1245 39600
1079 41580
1246 43680
1389 46800
1022 47520
1403 49140
1101 50400
1433 51480
1721 55440
1061 56160
1493 59400
1277 61776
1821 65520
1406 66528
1342 68640
1511 70200
1457 75600
1619 77220
1293 78624
1150 79200
1577 83160
1310 93600
1937 98280
1793 102960
1694 110880
1649 118800
1437 123552
1438 131040
2081 138600
1169 140400
1581 151200
1709 154440
2441 163800
1889 166320
1630 184800
1601 196560
1822 205920
1835 207900
2321 216216
1726 218400
1677 237600
1943 245700
2153 257400
1965 277200
1725 280800
1982 288288
1925 308880
2109 327600
2013 332640
1918 343200
2513 360360
2051 386100
2033 393120
2105 415800
2141 432432
2206 480480
2369 491400
2397 514800
2159 540540
1886 554400
2157 617760
2110 655200
2541 720720
2375 772200
2445 831600
2301 864864
2483 982800
2174 1029600
2537 1081080
2302 1441440
2573 1544400
2462 1663200
2729 1801800
2398 1965600
2589 2162160
2686 2402400
2591 2702700
2465 3088800
2685 3603600
2558 4324320
2657 5405400
2750 7207200
2699 10810800
2753 21621600
285 3168
197 30888
2877 41184
478 672
539 756
861 1008
237 1584
53 1890
1061 2376
161 2808
254 3744
353 4680
539 7020
190 7392
215 8316
382 8736
7505 9450
3671 9828
141 11088
2445 13104
813 20592
3293 24570
574 96096
701 103950
647 108108
485 122850
1005 144144
269 270270
1349 1351350
62 160
161 240
269 270
237 336
107 378
425 504
425 792
30 800
65 936
861 1056
446 1120
1169 1188
910 1200
1025 1350
89 1404
1341 1680
93 1872
1485 2640
238 3120
477 3696
3117 4368
269 4914
4241 5544
5470 5600
749 6300
1865 6552
6670 8400
3550 8800
2633 9240
209 10296
350 10400
1193 10920
1086 12320
3885 13200
381 13728
533 13860
126 14560
485 14850
953 15444
718 15600
2645 17550
1725 18480
1133 20790
2349 21840
173 25740
189 34320
431 38610
6833 46200
2493 48048
1781 54054
3713 54600
1470 61600
1829 69300
569 72072
2366 72800
389 81900
4365 92400
2781 109200
5950 114400
4553 120120
893 128700
606 160160
909 171600
1253 180180
3995 193050
2829 240240
7673 600600
1950 800800
1973 900900
3069 1201200
53 60
78 80
71 90
17 120
93 168
29 180
158 224
213 252
350 400
35 450
93 528
206 560
525 624
305 630
620 675
406 840
665 900
188 945
158 1248
1223 1260
899 1485
981 1848
449 1980
414 2080
621 2184
638 2464
393 2772
1470 2800
190 2912
2519 2970
2105 3150
359 3510
1677 4200
80 4725
526 6160
4077 6864
2766 7280
89 7425
773 8190
4049 9900
458 10395
29 11440
821 11700
458 12285
13581 16016
2663 16380
1749 17160
224 19305
94 22880
15429 24024
4670 30800
12349 32032
7055 34650
6189 36036
1870 36400
5813 40950
3059 51975
2317 57200
1089 60060
2348 61425
3326 80080
3597 85800
143 90090
494 96525
4238 135135
1509 300300
5006 400400
755 450450
7073 675675
4 5
1 7
2 9
5 10
8 11
1 13
5 14
12 15
10 20
17 21
9 22
1 25
23 26
8 27
25 28
26 30
12 33
21 35
