# T=4 N=2^6,3^4,5^2,7,11,13 engine4 scan
0 4
1 6
2 8
3 12
6 16
5 18
9 24
14 32
11 36
21 48
17 54
30 64
29 72
45 96
35 108
65 144
53 162
62 192
89 216
93 288
107 324
137 432
126 576
161 648
189 864
190 960
197 1080
269 1296
285 1440
323 1620
281 1728
413 2160
425 2592
318 2880
485 3240
510 4032
477 4320
593 4536
382 4800
713 5184
629 5400
765 6048
647 6480
574 6720
573 7200
845 7560
971 8100
766 8640
857 9072
861 10080
958 10560
1061 10800
1295 11340
1086 12096
917 12960
1289 14256
894 14400
1493 15120
1149 15840
1133 16200
1619 17820
1241 18144
1437 18720
1145 19008
1470 20160
1341 21600
1577 22464
1781 22680
2141 23760
1721 25920
2213 28512
1629 30240
1726 31680
1709 32400
1342 33600
2441 33696
2267 35640
1662 36288
2046 37440
1925 37800
2429 42120
2013 43200
2238 44352
1889 45360
2205 47520
2537 49896
2301 50400
2814 52416
1918 52800
2877 56160
2591 56700
2585 57024
3185 58968
2789 59400
1534 60480
2302 62400
3069 64800
2493 66528
3305 67392
3869 70200
3077 71280
2494 73920
3005 75600
3357 78624
2589 79200
4085 83160
3887 84240
3454 87360
3239 89100
2153 90720
3453 93600
2622 95040
5165 98280
3449 99792
2686 100800
4211 105300
3741 110880
3646 112320
2915 113400
3833 117936
3221 118800
4535 124740
3262 129600
4317 131040
2873 133056
2878 137280
4949 140400
3509 142560
6155 147420
3653 151200
3390 157248
3774 158400
4301 166320
3933 168480
4373 178200
3966 181440
3881 185328
4222 187200
5813 196560
4221 199584
4029 205920
5669 210600
3838 221760
4481 226800
4859 231660
4169 235872
4893 237600
4601 247104
5021 249480
4350 262080
5381 280800
4313 285120
6245 294840
4414 302400
6461 308880
5085 332640
4926 336960
4805 356400
4798 369600
5033 370656
5181 393120
4745 399168
4606 411840
7325 415800
5831 421200
5374 436800
5661 453600
5507 463320
5118 471744
5469 475200
9269 491400
5177 498960
6333 554400
5502 561600
6270 576576
5777 589680
5757 617760
6479 623700
7073 648648
6621 655200
5566 665280
5758 686400
6101 712800
7451 737100
6329 741312
7541 772200
5694 786240
7109 831600
6317 842400
5949 864864
6041 907200
6473 926640
6334 960960
7973 982800
6425 997920
6909 1029600
11645 1081080
6142 1108800
8099 1158300
6761 1179360
6525 1235520
7613 1247400
7337 1297296
6654 1310400
6526 1425600
7197 1441440
7721 1474200
8189 1544400
7775 1621620
7389 1663200
6905 1684800
6846 1729728
7397 1853280
7677 1965600
6718 1995840
7102 2059200
8621 2162160
8747 2316600
7230 2358720
7769 2494800
7625 2594592
7422 2882880
8261 2948400
8253 3088800
8369 3243240
7486 3326400
7678 3706560
7806 3931200
8061 4324320
8693 4633200
8638 4804800
8349 4989600
7998 5189184
9485 5405400
8633 5896800
8057 6177600
8909 6486480
8637 7207200
9395 8108100
8254 8648640
9065 9266400
8062 9979200
9701 10810800
8382 11793600
8541 12972960
8446 14414400
9017 16216200
8489 18532800
9213 21621600
9150 25945920
9557 32432400
9022 43243200
9353 64864800
9214 129729600
857 9504
1721 123552
1061 154440
1437 2016
2585 3024
3401 4050
3390 6336
593 7128
1470 7488
1241 8424
809 8910
713 11232
5381 11880
958 12480
845 14040
1150 14784
917 16848
4990 17472
1295 21060
2013 22176
573 26208
1493 28080
6641 28350
425 33264
4313 39312
2429 44550
161 52650
4049 62370
510 82368
1889 92664
7289 115830
766 192192
3165 288288
10691 311850
269 324324
9881 368550
9497 432432
11339 579150
13769 810810
12149 4054050
126 320
189 480
53 720
647 810
1001 1008
382 1344
197 1512
1022 1600
1349 1800
894 2240
2213 2268
1533 2400
1821 3360
323 3564
3509 3600
3545 3780
593 4212
2153 4752
3741 5040
281 5616
1619 5670
717 9360
4049 10530
6761 11088
7742 11200
2141 12600
2297 13104
2573 16632
9021 16800
11262 17600
1169 18900
1493 19656
6821 19800
702 20800
6974 24640
11609 24948
7341 25200
93 26400
3941 27720
1214 29120
1565 29484
89 29700
1053 31200
1341 36960
14021 39600
305 41580
3261 43680
6749 46332
1781 46800
1385 49140
3021 55440
3737 61776
1581 65520
478 68640
3239 73710
2157 102960
254 123200
12221 138600
5465 144144
16702 145600
18269 163800
12381 184800
1601 207900
7109 216216
9981 218400
3902 228800
5705 245700
3581 257400
10421 277200
4734 320320
41669 327600
9693 343200
8981 360360
2681 386100
4701 480480
12581 514800
8945 540540
137 720720
2942 1601600
2069 1801800
5853 2402400
521 2702700
11141 3603600
161 180
238 240
215 270
269 360
318 448
137 504
305 540
573 672
62 800
189 1056
414 1120
813 1200
477 1248
1433 1584
1294 1680
1001 1872
539 1890
1781 2025
318 2112
1937 2376
1086 2496
357 2520
1511 2700
1793 2808
2024 2835
2781 3168
3017 3744
382 4160
702 4928
2397 5280
4241 5544
5342 5600
1150 5824
5939 5940
2397 6240
1289 6552
2213 7020
6045 7392
45 7920
6257 8316
7342 8400
4989 8736
3941 9450
3102 10400
10334 12320
6093 13200
1533 13728
566 14175
2253 15600
6381 18480
137 20592
2159 20790
957 21840
1653 23400
14039 24570
9918 27456
929 30888
8504 31185
1797 32760
2753 35100
404 36855
5609 41184
190 45760
5417 48048
11454 61600
4286 64064
785 72072
39102 72800
4319 77220
10893 92400
4029 96096
38069 103950
1181 108108
4702 109200
17502 114400
19709 122850
4616 155925
17054 160160
1403 162162
8493 171600
12716 184275
11421 240240
7829 270270
2834 405405
10302 800800
1293 1201200
10259 1351350
3644 2027025
2 5
5 7
2 9
3 10
8 11
4 13
2 14
0 15
1 20
18 21
11 22
9 25
1 26
26 27
14 28
18 30
0 33
34 35
