# T=4 N=2^4,3^2,5,7,11 engine4 scan
0 4
1 6
2 8
3 12
6 16
5 18
9 24
11 36
14 48
17 72
21 120
29 144
35 180
30 240
46 336
45 360
53 504
65 720
69 840
94 1008
71 1260
93 1320
101 1584
78 1680
107 1980
117 2520
126 2640
142 3696
137 3960
125 5040
197 5544
143 7920
189 9240
190 11088
179 13860
174 18480
165 27720
209 55440
65 792
89 90
45 168
29 396
46 528
161 630
17 990
21 1848
173 2772
233 6930
62 80
14 112
17 126
29 252
45 264
37 280
9 420
53 440
334 560
33 660
206 880
62 1232
89 1386
77 3080
57 4620
254 6160
8 9
25 28
38 40
5 56
33 60
57 84
17 132
97 140
94 176
47 198
147 210
22 616
56 693
353 924
49 1540
399 2310
38 3465
4 5
2 7
6 10
4 11
7 14
10 15
5 20
17 21
1 22
11 30
11 33
13 35
5 42
