# T=4 N=2^5,3^3,5^2,7,11 engine4 scan
0 4
1 6
2 8
3 12
6 16
5 18
9 24
14 32
11 36
21 48
17 54
29 72
30 96
35 108
45 144
53 216
62 288
65 360
89 432
94 480
107 540
93 720
141 864
137 1080
158 1440
161 1512
209 1800
254 2016
197 2160
190 2400
281 2520
215 2700
285 3024
286 3360
237 3600
323 3780
353 3960
305 4320
413 4752
381 5040
382 5280
431 5400
539 5940
377 6048
446 7200
497 7560
525 7920
429 9504
478 10080
569 10800
629 11880
641 12600
593 15120
669 15840
809 16632
670 16800
755 18900
713 19800
573 21600
542 22176
737 23760
929 25200
862 26400
1001 27720
971 29700
717 30240
845 33264
766 36960
857 37800
957 39600
863 41580
734 47520
830 50400
1073 55440
1061 59400
861 66528
1025 75600
958 79200
1079 83160
1022 110880
1169 118800
1289 138600
1101 151200
1149 166320
1150 184800
1295 207900
1245 237600
1361 277200
1118 332640
1241 415800
1246 554400
1277 831600
1293 1663200
197 2376
285 3168
190 672
215 756
429 1008
93 1584
1403 1890
94 7392
107 8316
701 9450
141 11088
53 20790
269 103950
113 120
62 160
101 180
189 240
269 270
510 800
749 900
286 1056
446 1120
305 1188
477 1200
161 1350
1341 1680
45 2640
485 2970
126 5600
29 6300
1581 8400
350 8800
389 9900
606 12320
765 13200
1835 14850
1005 18480
1470 61600
1829 69300
1197 92400
17 60
78 80
71 90
80 135
21 168
158 224
89 300
141 336
30 400
119 450
213 504
141 528
206 560
89 594
329 600
413 630
125 792
646 840
205 880
188 945
683 1260
1125 1320
35 1485
30 1760
741 1848
665 1980
126 2464
686 2800
233 3150
1245 3696
143 4158
2517 4200
750 4400
585 4620
863 4725
1581 5544
2365 6160
1750 6600
233 6930
359 7425
165 9240
575 10395
201 13860
1161 23100
1070 30800
2123 34650
1917 46200
2753 51975
0 5
6 7
8 9
4 10
1 11
5 14
11 15
17 20
9 21
2 22
6 25
15 27
14 28
3 30
