# T=5 N=2^4,3^2,5,7,11 engine4 scan
29 420
18 220
450 11088
16 176
112 144
113 1680
13 18
277 396
3 20
6 11
120 168
77 154
169 55440
0 5
8 16
178 198
16 240
48 336
268 495
14 56
34 44
76 280
3507 9240
30 63
163 165
3478 3960
1 22
613 660
43 99
1632 2772
63 462
819 924
1939 2310
313 1980
25 126
2127 6930
1204 3465
38 88
448 720
23 30
27 140
1884 13860
141 231
72 504
2 6
552 630
372 2520
5 14
15 28
169 210
253 18480
24 36
12 84
414 560
484 616
3 7
1 10
21 33
1 9
58 60
882 1155
1380 5544
62 80
118 440
228 792
34 35
9 110
1758 2640
7333 7920
24 66
304 360
207 1320
876 1386
110 112
7 308
387 1260
6 40
7 45
36 3080
22 180
84 252
189 385
30 1232
48 315
198 330
583 770
0 1008
205 1584
2 8
9 12
2 15
6 48
1133 1540
18 21
11 42
70 77
3 132
73 264
349 990
3 55
87 90
469 3696
253 4620
814 6160
4 24
9 70
94 120
510 528
14 880
1374 5040
36 72
14 105
309 693
534 840
930 1848
13923 27720
