# T=5 N=2^6,3^4,5^2,7,11,13 engine4 scan
0 5
1 10
2 15
3 20
4 25
6 30
8 40
7 45
9 50
12 60
14 75
13 80
16 90
26 120
22 135
19 150
28 160
24 175
27 180
33 200
37 225
42 240
34 300
53 320
44 350
56 360
38 400
67 405
57 420
39 450
49 525
76 540
58 600
87 630
64 675
74 700
86 720
102 840
69 900
108 960
84 1050
78 1100
133 1120
98 1200
117 1260
82 1350
94 1400
147 1440
99 1575
113 1600
136 1620
119 1800
166 1890
124 1925
176 1980
127 2025
144 2100
162 2160
138 2200
213 2240
149 2275
153 2400
139 2475
177 2520
206 2640
172 2700
174 2800
202 2835
228 2880
226 2970
189 3150
236 3240
178 3300
222 3360
247 3510
268 3520
237 3780
194 3850
198 3900
296 3960
217 4050
193 4200
256 4320
238 4400
337 4455
244 4550
357 4620
327 4680
224 4725
219 4800
264 4950
267 5040
273 5200
382 5265
308 5280
258 5400
417 5460
249 5600
406 5670
274 5775
269 5850
346 5940
468 6240
234 6300
326 6480
293 6720
324 6825
517 7020
298 7200
289 7425
294 7700
356 7920
307 8100
313 8400
402 8640
352 8775
338 8800
496 8910
344 9100
342 9240
507 9360
339 9450
364 9900
388 10080
353 10400
652 10530
428 10560
369 10800
462 10920
349 11200
436 11340
299 11550
397 11700
476 11880
453 12320
708 12480
384 12600
526 12960
399 13650
536 13860
596 14040
442 14175
393 14400
613 14560
566 15120
424 15400
358 15600
446 15840
398 16200
597 16380
444 16800
449 17325
419 17550
473 17600
676 17820
484 18200
582 18480
642 18720
494 18900
458 19800
533 20160
439 20475
706 20790
513 20800
787 21060
514 21600
628 21840
532 22275
474 23100
498 23400
627 24570
588 24640
519 25200
716 25740
577 26325
538 26400
524 27300
657 27720
687 28080
534 28350
558 28600
773 29120
564 29700
702 30240
544 30800
742 31185
553 31200
686 31680
589 32175
569 32400
807 32760
593 33600
926 34320
624 34650
584 35100
766 35640
594 36400
1012 36855
867 37440
598 37800
1036 38610
578 39600
639 40950
836 41580
796 42120
622 43200
822 43680
667 44550
868 45360
908 45760
599 46200
664 46800
788 47520
837 49140
644 50050
669 50400
896 51480
719 52650
638 52800
674 54600
886 55440
882 56160
673 57200
1057 57915
714 59400
1197 60060
853 60480
749 61425
694 61600
976 62370
698 62400
734 64350
713 64800
957 65520
948 68640
699 69300
946 71280
1167 73710
933 73920
799 75075
784 75600
738 79200
758 81900
956 83160
1046 84240
778 85800
1062 87360
789 89100
987 90090
1017 90720
793 92400
798 93600
1066 95040
814 96525
1047 98280
824 100100
794 100800
1076 102960
844 103950
802 105300
819 109200
1077 110880
1122 112320
834 113400
878 114400
1147 115830
847 118800
849 122850
1137 124740
858 128700
869 129600
1093 131040
1166 137280
864 138600
884 140400
1228 142560
913 145600
1192 147420
894 150150
892 151200
1256 154440
898 158400
1108 160160
1246 166320
1188 168480
938 171600
978 178200
1257 180180
1173 181440
924 184275
949 184800
982 193050
1227 196560
944 200200
1268 205920
974 207900
958 210600
984 218400
1286 221760
999 225225
993 226800
1038 228800
1306 231660
1302 240240
1024 245700
1216 249480
1014 257400
1348 262080
1327 270270
994 277200
1019 280800
1316 285120
1027 289575
1407 294840
1034 300300
1049 302400
1336 308880
1039 311850
1413 320320
1044 327600
1428 336960
1072 356400
1376 360360
1089 368550
1078 369600
1098 386100
1073 400400
1417 405405
1388 411840
1084 415800
1113 421200
1119 436800
1114 450450
1117 453600
1138 475200
1437 480480
1426 498960
1153 514800
1436 540540
1144 554400
1158 561600
1164 579150
1462 589680
1174 600600
1556 617760
1149 623700
1169 655200
1486 665280
1199 675675
1184 686400
1189 712800
1527 720720
1198 772200
1493 786240
1224 800800
1516 810810
1207 842400
1239 900900
1252 907200
1552 926640
1542 960960
1269 982800
1497 997920
1264 1029600
1557 1081080
1244 1108800
1278 1158300
1588 1179360
1284 1201200
1548 1235520
1274 1247400
1273 1310400
1294 1351350
1313 1425600
1573 1441440
1297 1474200
1314 1544400
1576 1621620
1319 1663200
1334 1684800
1324 1801800
1597 1853280
1602 1995840
1338 2059200
1606 2162160
1358 2316600
1662 2358720
1344 2402400
1349 2494800
1374 2702700
1616 2882880
1384 2948400
1353 3088800
1617 3243240
1393 3603600
1646 3706560
1394 3931200
1434 4054050
1676 4324320
1398 4633200
1399 4804800
1419 4989600
1449 5405400
1458 5896800
1677 6486480
1464 7207200
1469 8108100
1473 9266400
1477 9979200
1484 11793600
1707 12972960
1489 14414400
1498 16216200
1522 18532800
1499 21621600
1708 25945920
1513 32432400
1524 43243200
1538 64864800
1539 129729600
148 1760
1748 22880
207 210
249 275
494 550
373 560
82 585
184 650
116 660
64 825
798 880
112 945
119 975
166 990
193 1040
217 1170
596 1320
222 1560
127 1755
148 2080
147 2310
166 2340
206 3120
224 3575
393 3640
1657 4095
268 4160
1198 6160
262 6435
794 7150
833 7280
56 8580
382 10395
1918 11440
922 12285
526 12870
236 17160
937 19305
684 20020
27148 28512
567 30030
15916 36288
3324 40040
1612 45045
24556 57024
68 80080
10084 117936
1732 135135
28228 235872
11596 370656
52420 399168
5548 471744
2596 648648
9004 741312
4 1297296
4108 2594592
34 35
10 36
18 48
40 54
64 70
54 105
4 140
100 144
4 162
218 220
153 280
172 288
192 315
58 324
357 390
198 440
113 520
220 648
434 770
252 1155
387 1365
1064 1540
1793 1820
630 1848
549 2016
620 2112
30 2184
38 2860
513 3080
132 3465
386 4290
3726 4368
2488 4536
2774 5005
2798 5544
153 5720
212 6336
3033 6552
3038 6864
2252 7392
2182 8316
5742 8736
1732 9072
7436 9504
1414 10010
6494 11088
3537 13104
3884 13728
2142 15015
6718 16632
1365 17472
15340 18144
44 19008
9081 19656
4622 20592
15188 22176
1710 24024
20673 26208
4940 27456
4094 30888
5962 33264
15633 39312
9428 41184
9716 44352
7166 48048
14800 49896
7569 52416
13312 58968
7262 61776
31724 66528
5318 72072
3109 78624
12596 82368
1190 92664
10484 96096
2036 123552
5406 144144
21253 157248
3222 216216
15764 288288
8078 432432
404 864864
2324 1729728
2 6
1 8
6 12
5 16
31 81
51 84
36 96
22 108
124 126
15 168
12 192
76 216
231 252
24 325
93 336
16 378
379 396
196 432
307 468
217 495
399 504
28 576
276 672
844 864
39 910
276 1056
1093 1134
1135 1188
372 1248
544 1296
1332 1344
322 1386
883 1404
943 1485
556 1512
973 1584
1468 1728
541 1872
1579 2268
919 2376
1192 2592
718 2772
343 2808
52 3024
159 3276
1795 3564
2989 3744
45 4032
700 4158
139 4212
1309 4752
631 5148
2701 5616
4588 6048
3091 7128
4884 7488
1219 8424
411 9828
4861 11232
3472 12474
13 14256
2158 14742
1315 15444
15197 16016
301 16848
1456 18018
8956 22464
10543 24948
4027 29484
7805 32032
7672 33696
4267 36036
2191 46332
3292 54054
23821 64064
16444 67392
11608 162162
0 7
10 11
1 13
5 14
1 18
6 21
3 22
3 24
25 26
4 27
11 28
20 32
9 33
24 42
19 44
39 55
16 56
31 63
5 66
15 77
47 78
55 88
65 91
86 99
85 104
44 112
107 117
69 130
35 132
44 143
71 156
29 165
173 176
169 182
103 189
74 195
49 198
45 208
157 224
24 231
67 234
159 264
2 273
31 286
67 297
227 308
229 351
81 364
99 385
284 429
289 455
295 462
93 528
401 546
13 567
213 572
389 616
211 693
208 702
365 704
154 715
613 728
100 792
373 819
60 832
785 858
82 891
172 936
487 1053
1087 1092
1043 1144
119 1287
559 1430
668 1456
514 1638
1199 1716
757 2002
1885 2079
1378 2106
2077 2145
1774 2457
732 2464
964 2574
2204 2912
310 3003
652 3432
823 3861
695 4004
444 4576
956 5824
5443 6006
1822 6237
4294 7371
1666 7722
37 8008
130 9009
2748 9152
2350 11583
2473 12012
8668 23166
2578 27027
7 9
25 39
16 52
8 64
64 72
89 110
59 312
189 330
77 352
269 448
499 756
572 800
676 810
345 1001
892 1080
1099 1300
607 1782
1469 1950
319 2600
2044 3600
892 5184
1289 6930
629 10296
5744 10725
6349 14300
7339 14850
4919 21450
11044 22680
18139 51975
41284 56700
16349 72800
4657 81081
12973 99792
73069 123200
90172 133056
150889 155925
101692 187200
24189 192192
59932 199584
103132 237600
200764 247104
261789 343200
332092 393120
120285 576576
54049 737100
184349 1601600
1323964 5189184
862717 8648640
661949 10810800
49 65
19 100
59 154
36 260
46 270
412 416
429 480
391 594
76 624
489 780
645 924
460 1008
557 1232
299 1650
1564 1680
141 2288
1852 2496
2542 2730
2917 2925
2620 3168
1885 3696
1075 4914
1084 4928
3269 6600
4852 7560
3349 7800
262 8190
3772 12096
5069 13200
2013 14784
10252 23760
22264 25025
12412 25920
32092 36960
42649 42900
21052 70200
42112 77220
44906 108108
103293 120120
135921 163800
21009 185328
3228 324324
34005 332640
169133 463320
53900 491400
65388 831600
508614 1965600
1322866 2027025
1743624 3326400
1691730 6177600
