# T=5 N=2^5,3^3,5^2,7,11,13 engine4 scan
0 5
1 10
2 15
3 20
4 25
6 30
8 40
7 45
9 50
12 60
14 75
13 80
16 90
18 100
26 120
22 135
19 150
28 160
24 175
27 180
33 200
37 225
42 240
46 270
34 300
44 350
56 360
57 420
39 450
53 480
49 525
67 540
68 560
58 600
76 630
64 675
74 700
86 720
102 840
69 900
112 945
84 1050
87 1080
78 1100
108 1120
116 1260
82 1350
94 1400
133 1440
99 1575
114 1650
117 1680
113 1800
136 1890
124 1925
119 1950
147 1980
134 2100
162 2160
138 2200
149 2275
176 2340
153 2400
127 2475
166 2520
158 2600
206 2640
139 2700
144 2800
172 2925
202 2970
213 3120
174 3150
178 3300
148 3360
226 3510
184 3600
177 3780
194 3850
198 3900
236 3960
193 4200
267 4320
238 4400
244 4550
237 4620
356 4680
214 4725
189 4950
222 5040
273 5200
293 5280
217 5400
297 5460
228 5600
224 5775
219 5850
327 5940
308 6160
373 6240
234 6300
258 6600
274 6825
256 6930
337 7020
284 7200
388 7280
289 7425
247 7560
249 7700
269 7800
326 7920
346 8190
294 8400
307 8775
278 8800
324 9100
342 9240
402 9360
339 9450
264 9900
268 10080
382 10395
298 10400
313 10800
299 11550
364 11700
447 11880
517 12285
428 12320
296 12600
338 13200
344 13650
417 13860
496 14040
378 14300
468 14560
406 15120
349 15400
353 15600
446 15840
436 16380
384 16800
397 17550
358 18200
462 18480
453 18720
399 18900
393 19800
419 20475
472 20790
414 21450
398 21600
537 21840
424 23100
442 23400
507 23760
526 24570
474 25025
434 25200
536 25740
458 26400
476 27720
566 28080
478 28600
439 29700
548 30240
484 30800
473 31200
577 32175
582 32760
449 34650
498 35100
494 36400
588 36960
513 37800
519 39600
499 40950
597 41580
693 43680
524 46200
553 46800
596 47520
616 49140
544 50050
534 50400
687 51480
569 54600
627 55440
613 56160
538 57200
532 59400
589 61425
578 61600
564 64350
642 65520
773 68640
584 69300
593 70200
594 72800
644 75075
598 75600
638 79200
868 80080
599 81900
652 83160
777 90090
649 92400
622 93600
639 96525
656 98280
674 100100
867 102960
624 103950
673 109200
664 118800
717 120120
667 122850
669 128700
708 131040
787 135135
684 138600
713 140400
694 150150
676 151200
766 154440
748 160160
699 163800
796 166320
714 171600
836 180180
734 184800
719 193050
807 196560
738 200200
853 205920
749 207900
753 218400
789 225225
757 237600
822 240240
784 245700
758 257400
886 270270
778 277200
798 280800
799 300300
877 308880
837 332640
819 343200
896 360360
802 386100
882 393120
793 400400
794 415800
814 450450
908 480480
834 491400
847 514800
922 540540
824 554400
844 600600
926 617760
849 655200
933 720720
858 772200
874 831600
869 900900
884 982800
892 1029600
946 1081080
894 1201200
889 1351350
898 1544400
913 1663200
924 1801800
944 1965600
956 2162160
938 2402400
949 2702700
953 3088800
957 3603600
976 4324320
958 5405400
974 7207200
964 10810800
978 21621600
957 990
98 1300
116 1320
44 10725
57 12870
1076 17160
54 210
49 275
188 280
149 550
144 650
357 660
236 780
214 825
718 880
194 975
33 1040
76 1170
112 1485
116 1560
112 1755
133 1760
133 2080
28 3080
172 3465
549 3575
268 3640
127 4095
207 4290
58 5720
1099 7150
117 8580
318 11440
247 19305
1093 22880
87 30030
1012 33264
1148 40040
217 45045
7060 66528
21316 78624
4 216216
4036 432432
4684 864864
34 35
10 54
64 70
39 105
82 108
58 140
102 165
177 195
28 216
13 220
233 260
94 325
177 330
14 336
26 390
113 440
282 495
352 585
236 672
438 770
84 910
402 1008
252 1155
9 1365
1432 1512
1098 1540
138 1820
798 1848
1964 2016
1047 2145
308 2184
206 2730
53 2860
2814 3696
164 4368
3253 4752
2294 5544
4204 6048
2037 6435
284 6552
1460 6864
2462 7392
2156 8736
294 10010
3090 11088
2121 12012
3572 13728
552 15015
4888 16632
3808 19656
218 20020
261 20592
5492 22176
2660 24024
2804 26208
769 30888
1701 36036
100 39312
1989 41184
3332 48048
229 61776
980 72072
140 96096
2277 108108
661 123552
2324 144144
2 6
1 8
6 12
5 16
19 27
15 36
36 48
52 72
12 96
45 144
250 252
13 288
75 396
136 432
70 504
163 756
39 792
352 864
1119 1188
1209 1386
139 1404
435 1584
573 1872
723 2376
651 2574
2199 2772
355 2808
291 3168
934 3276
1309 3744
1443 5148
541 5616
849 7722
2991 8316
1135 9828
2235 10296
4240 11232
3819 15444
1839 18018
5007 54054
2 7
7 9
8 11
0 13
1 14
0 21
21 22
7 24
19 28
29 32
27 33
8 39
24 42
35 44
19 52
34 55
11 56
28 63
53 66
17 77
11 78
31 84
37 88
59 91
64 99
83 104
29 110
109 112
64 117
55 126
79 130
47 132
77 154
35 156
117 168
13 176
171 182
139 189
46 198
45 208
208 224
108 231
191 264
129 273
5 286
190 297
3 308
215 312
271 351
77 352
255 364
244 378
237 385
109 416
48 429
189 455
405 462
63 468
381 528
213 546
83 572
136 594
319 616
112 624
73 693
460 702
224 715
176 728
316 819
627 858
91 924
568 936
199 1001
1037 1056
484 1092
296 1144
157 1232
400 1248
82 1287
1359 1430
1184 1456
301 1638
137 1716
259 2002
427 2079
269 2288
1459 2457
45 2464
35 2912
532 3003
523 3432
229 3861
567 4004
973 4576
2065 4914
5845 6006
763 8008
490 9009
2733 16016
5341 27027
24496 32032
4 18
23 26
4 65
22 143
136 234
82 315
139 400
144 520
339 800
589 1200
577 2310
1648 3024
3199 4158
609 5005
7206 9504
10287 10920
636 13104
5421 14850
11027 17325
2880 27300
17505 34320
24289 38610
32775 42900
48188 51975
24614 60060
34005 77220
40687 85800
105844 110880
22394 114400
144113 288288
16325 327600
287316 675675
757006 800800
894000 1441440
