# T=5 N=2^5,3^3,5^2,7,11 engine4 scan
0 5
1 10
2 15
3 20
6 30
8 40
7 45
9 50
12 60
14 75
16 90
18 100
26 120
19 150
28 160
27 180
37 225
42 240
34 300
56 360
38 400
57 420
39 450
53 480
49 525
67 540
68 560
58 600
64 675
74 700
86 720
73 800
102 840
69 900
112 945
84 1050
87 1080
78 1100
98 1200
82 1350
94 1400
133 1440
99 1575
114 1650
117 1680
113 1800
136 1890
124 1925
147 1980
119 2100
162 2160
134 2400
166 2520
206 2640
139 2700
144 2800
202 2970
149 3150
148 3360
153 3600
174 3850
236 3960
177 4200
178 4400
237 4620
172 4725
189 4950
222 5040
184 5400
193 5600
194 5775
226 5940
228 6160
198 6300
256 6930
214 7200
217 7425
244 7700
267 7920
224 8400
238 8800
297 9240
234 9450
258 9900
382 10395
273 10800
249 11550
308 12320
264 13200
296 13860
289 14850
337 15120
278 15400
327 15840
274 16800
342 18480
298 19800
346 20790
294 23100
356 23760
313 25200
338 26400
357 27720
339 29700
373 30240
324 30800
344 34650
388 36960
349 37800
406 41580
353 46200
402 47520
358 50400
384 69300
393 75600
398 79200
436 83160
397 103950
428 110880
414 118800
424 151200
446 166320
434 184800
439 207900
442 237600
447 332640
453 554400
458 831600
462 1663200
57 990
54 210
74 275
37 315
177 330
44 825
318 880
112 1485
104 1540
133 1760
27 2310
1012 3024
652 6048
4 16632
1516 66528
4 18
29 35
10 36
18 48
34 70
28 72
39 105
13 140
42 165
140 168
198 220
164 336
229 432
102 495
284 504
302 528
89 770
21 924
452 1008
350 1056
926 1584
1964 2016
693 3696
974 4752
126 5544
1029 7392
2709 8316
1454 9504
1269 11088
2277 22176
2 6
1 8
6 12
5 16
51 84
51 108
77 110
88 126
136 144
136 216
250 252
196 288
70 378
39 396
231 756
183 792
64 864
163 1188
411 2376
196 4158
10 11
13 14
0 21
17 22
25 27
19 28
11 42
9 55
16 56
16 63
63 66
51 88
4 99
23 112
91 132
123 154
157 176
124 189
67 198
77 224
35 308
269 352
443 462
15 594
107 616
519 693
191 1232
85 2079
12 24
4 25
18 33
45 96
59 264
99 550
267 660
319 1155
538 1260
3059 3080
337 3465
2878 3780
1709 5280
8089 51975
16749 61600
23 77
169 270
359 385
239 440
652 672
229 1512
877 2464
877 4320
1339 6600
10237 11880
4039 12600
589 21600
18139 59400
50899 138600
8239 277200
1 9
29 32
34 54
44 175
64 231
31 297
149 350
1069 1120
877 3168
1639 3300
247 7560
3469 10080
11839 18900
3175 33264
25879 55440
3 7
27 44
13 80
22 135
199 200
188 280
529 630
179 1320
1327 1386
7 1848
739 2200
664 2475
121 2772
2389 17325
20960 39600
21274 92400
326729 415800
