# T=6 N=2^5,3^3,5^2,7,11 engine4 scan
0 6
3 16
5 24
8 36
16 90
21 96
27 144
23 160
28 216
43 336
47 400
45 432
55 480
56 540
63 560
69 672
68 720
79 800
91 1008
87 1120
111 1200
124 1350
109 1584
119 1760
142 1800
176 1980
136 2160
200 2376
127 2400
133 2520
191 2640
160 2700
143 2800
214 2970
178 3150
181 3168
151 3360
187 3696
164 3780
232 3960
208 4158
189 4320
250 4950
215 5280
277 5544
223 5600
272 5940
303 6160
358 6930
237 7200
235 7392
190 7560
262 8316
279 8800
316 9450
284 9900
247 10080
285 10800
283 11088
308 11880
311 12320
287 13200
356 13860
340 14850
349 16632
261 16800
322 18900
430 19800
370 20790
333 21600
357 22176
352 23760
351 25200
367 26400
380 29700
397 33264
375 36960
381 39600
406 41580
399 50400
411 55440
464 59400
500 69300
431 79200
478 83160
463 92400
488 118800
475 166320
439 184800
502 207900
523 277200
471 332640
514 415800
479 554400
92 1188
119 200
231 600
61 792
71 840
63 880
70 990
141 1056
167 1400
808 1575
586 2079
327 4200
1339 4725
39 6600
2509 7425
551 9240
79 10395
7 15400
583 17325
1564 51975
19 27
7 40
71 120
109 135
21 150
45 168
55 189
21 264
39 280
291 300
44 420
8 660
163 945
651 2100
639 3300
644 23100
9 10
3 20
15 30
37 45
56 84
109 112
117 210
197 224
46 225
28 297
128 330
116 462
245 616
1208 1540
261 1650
973 2464
316 2475
336 5775
64 7700
2 7
0 11
8 14
10 15
20 21
7 22
11 25
4 28
33 35
27 44
31 50
42 55
29 56
15 66
7 70
16 75
47 77
53 88
73 105
124 140
20 165
26 175
131 231
151 275
151 308
28 350
133 525
41 550
343 693
291 825
171 1100
1916 1925
4 18
38 63
15 80
28 270
23 352
292 495
2504 2772
1306 6300
5901 11550
2026 103950
571 138600
1 8
2 12
26 33
11 48
50 315
28 378
121 450
1055 1320
12453 27720
8326 34650
837 110880
122 126
149 176
67 440
380 594
136 1485
3826 12600
1415 30240
36741 46200
53056 75600
12 99
25 154
215 240
67 360
203 385
277 1232
1491 2310
347 3080
1288 3465
1947 5040
1707 15840
18541 30800
10126 37800
51 100
63 110
87 220
37 288
171 528
469 864
1 900
753 924
976 1050
685 1512
973 1890
441 3850
21227 61600
6 32
10 54
362 630
406 675
15 756
157 770
547 2200
2571 4752
2187 8400
11053 15120
9237 18480
23013 66528
45867 1663200
7 9
20 60
68 252
1053 1080
1113 1155
236 1260
105 1386
189 1848
525 2016
1197 3024
107 4400
1621 6048
7173 9504
267 151200
32667 237600
55707 831600
27 42
13 72
51 108
123 132
33 180
177 198
237 396
189 504
367 700
987 1440
267 1680
1227 3600
1761 4620
4112 5400
2050 7920
12956 47520
