# T=6 N=2^6,3^4,5^2,7,11,13 engine4 scan
0 6
1 8
3 16
5 24
8 36
11 48
10 54
15 64
13 72
16 90
20 108
27 144
23 160
28 162
31 192
37 216
43 240
34 270
47 320
46 324
52 360
63 448
70 450
55 480
61 504
69 576
88 630
82 648
93 672
75 720
92 756
87 800
100 810
109 864
104 900
91 960
123 1008
124 1080
119 1120
136 1134
139 1200
140 1260
154 1296
95 1344
160 1350
141 1440
133 1512
111 1600
142 1620
187 1680
159 1728
176 1800
178 1890
165 2016
164 2160
127 2240
200 2268
215 2400
205 2520
208 2592
235 2640
214 2700
175 2880
250 3150
261 3168
232 3240
189 3360
239 3520
244 3564
219 3600
248 3780
356 3960
191 4032
262 4050
303 4160
316 4212
272 4320
277 4536
325 4752
247 4800
255 4928
340 4950
267 5040
351 5184
311 5280
284 5400
349 5544
279 5600
380 5616
268 5670
319 5824
430 5850
285 6048
331 6240
320 6300
357 6336
363 6480
421 6552
287 6720
358 6930
394 7020
397 7128
375 7200
381 7392
543 7488
308 7560
475 7920
424 8100
448 8190
416 8316
379 8400
406 8424
428 8640
383 8736
407 8800
586 8910
298 9072
507 9360
484 9450
525 9504
524 9828
464 9900
411 10080
567 10400
748 10530
471 10560
502 10800
431 11200
541 11232
460 11340
592 11880
447 12096
439 12320
622 12474
495 12480
500 12600
429 12960
555 13104
619 13200
538 13860
596 14040
478 14256
536 14400
599 14560
784 14742
477 14784
610 14850
427 15120
859 15600
549 15840
532 16200
628 16380
613 16632
575 16800
640 16848
479 17472
754 17550
559 17600
568 17820
453 18144
667 18480
651 18720
632 18900
704 19008
637 19656
716 19800
571 20160
808 20790
623 20800
682 21060
664 21600
907 21840
573 22176
735 22464
680 22680
631 22880
824 23400
715 23760
898 24570
703 24640
740 24948
699 25200
717 25920
669 26208
695 26400
709 27720
812 28080
700 28350
757 28512
759 29120
946 29484
790 29700
639 30240
829 30888
727 31200
791 31680
802 32400
860 32760
671 33600
955 34320
988 34650
880 35100
862 35640
741 36288
861 36960
811 37440
788 37800
896 39600
1078 40950
837 41184
1040 41580
934 42120
751 43200
919 43680
831 44352
1024 44550
856 45360
879 45760
892 46332
939 46800
855 47520
1064 49140
853 49896
863 50400
1076 51480
767 52416
815 52800
987 55440
956 56700
927 57024
925 58968
968 59400
895 60480
951 61600
1045 61776
1108 62370
943 62400
1151 64064
1240 64350
1005 64800
997 65520
957 66528
964 67392
1111 68640
1150 69300
1028 70200
1042 71280
1357 72072
1079 72800
1258 73710
933 73920
1083 75600
1402 77220
1029 78624
1047 79200
1168 81900
1119 82368
1141 83160
1054 84240
1023 87360
1072 89100
1618 90090
1101 90720
1099 92400
1126 92664
1175 93600
1125 95040
1053 96096
1213 98280
1172 99792
1071 100800
1195 102960
1294 103950
1184 105300
1280 108108
1147 109200
1149 110880
1135 112320
1180 113400
1207 114400
1396 115830
1244 117936
1136 118800
1330 122850
1199 123200
1189 123552
1216 124740
1256 128700
1222 129600
1055 131040
1087 133056
1263 137280
1220 138600
1227 140400
1234 142560
1389 144144
1215 145600
1288 147420
1245 151200
1261 154440
1271 158400
1431 160160
1756 162162
1429 163800
1275 166320
1291 168480
1435 171600
1312 178200
1708 180180
1247 181440
1335 184800
1477 185328
1293 187200
1690 193050
1285 196560
1311 199584
1371 205920
1328 207900
1460 210600
1496 216216
1343 218400
1317 221760
1387 226800
1367 228800
1474 231660
1405 235872
1364 237600
1388 245700
1413 247104
1432 249480
1436 257400
1419 262080
1438 270270
1501 277200
1504 280800
1503 285120
1535 288288
1528 294840
1391 302400
1508 308880
1594 311850
1471 320320
1540 324324
1544 327600
1533 332640
1455 336960
1527 343200
1564 356400
1717 360360
1558 368550
1399 369600
1568 370656
1582 386100
1563 393120
1509 399168
1519 411840
1580 415800
1612 421200
1621 432432
1531 436800
1600 450450
1579 453600
1672 463320
1605 471744
1591 475200
1559 480480
1616 491400
1675 498960
1659 514800
1798 540540
1629 554400
1583 561600
1599 576576
1780 579150
1677 617760
1712 623700
1693 648648
1655 655200
1701 712800
1707 720720
1724 737100
1695 741312
1744 772200
1663 786240
1719 800800
1888 810810
1725 831600
1702 842400
1727 864864
1760 900900
1775 907200
1774 926640
1771 960960
1803 982800
1789 997920
1796 1029600
1820 1081080
1791 1108800
1864 1158300
1828 1179360
1819 1201200
1839 1235520
1834 1247400
1821 1297296
1815 1310400
1960 1351350
1847 1425600
1823 1441440
1868 1474200
1892 1544400
1879 1601600
1869 1684800
1861 1729728
1933 1801800
1909 1853280
1893 1965600
1915 1995840
1928 2162160
1882 2316600
1917 2358720
1919 2402400
1940 2494800
1942 2702700
1947 2882880
1965 2948400
1989 3088800
2005 3243240
1983 3326400
1995 3603600
2000 3706560
2013 3931200
2044 4054050
2014 4324320
2032 4633200
2007 4804800
2015 4989600
2036 5189184
2048 5405400
2039 5896800
2053 6177600
2080 6486480
2050 7207200
2084 8108100
2047 8648640
2059 9266400
2031 9979200
2091 10810800
2079 11793600
2071 12972960
2085 14414400
2104 16216200
2095 18532800
2107 21621600
2098 25945920
2108 32432400
2120 64864800
2122 129729600
165 2112
164 2808
237 3744
741 27456
223 224
333 336
47 704
637 792
88 990
1029 1056
100 1188
1072 1404
555 1584
460 1782
176 1980
151 2080
154 2106
142 2340
31 2464
607 2912
214 2970
235 3120
214 3510
45 3696
2206 4455
232 4680
133 10296
178 12870
1797 13728
532 15444
115 17325
123 20592
18244 22275
1450 23166
536 25740
7471 31185
1951 32032
484 38610
717 48048
1375 51975
2611 57915
5749 96525
24319 155925
6904 184275
3130 225225
6094 289575
3421 405405
79 675675
19 27
39 40
20 60
63 80
55 81
15 120
124 135
117 168
191 200
142 225
140 252
224 300
223 315
376 378
271 400
82 405
171 528
507 560
335 600
285 624
619 675
525 840
406 891
205 936
583 945
358 1170
69 1248
631 1400
457 1575
1725 1848
1627 2025
44 2100
645 2184
1151 2200
1447 2475
428 2772
2431 2800
493 2835
862 2925
272 3276
764 3300
1303 3465
52 4158
2255 4200
3151 4400
656 4620
1159 4725
322 4914
327 5200
325 5265
356 5460
1295 6600
75 6864
91 7280
3724 7425
575 7800
3454 8775
6093 9240
1753 10395
4053 10920
411 11440
649 11583
2338 12285
3859 14175
8431 15400
2973 17160
3631 18200
763 19305
2023 20475
1916 23100
213 24024
277 26325
3044 27300
1551 28600
14031 30800
4372 32175
20 36036
20431 36400
3164 42900
2248 45045
3095 46200
3076 54054
3575 54600
2751 57200
776 60060
6829 61425
2827 80080
1783 81081
351 85800
1653 120120
2653 135135
4231 200200
1196 300300
9231 400400
551 600600
7 9
7 20
21 30
68 84
13 112
38 126
107 176
119 189
128 210
189 264
77 280
82 297
261 312
139 352
392 396
419 440
284 468
136 594
596 660
355 700
155 780
59 880
692 924
315 1040
884 1050
973 1053
941 1232
335 1320
50 1386
589 1456
1081 1485
335 1560
1154 1638
460 1755
902 2079
475 2288
956 2310
751 2600
63 2730
1389 3080
477 3432
1253 3640
2134 3861
875 3900
663 4290
3115 4576
1472 5148
1061 5775
603 6006
1054 6237
2066 6435
3531 7700
298 7722
925 8008
416 8580
5031 9100
2564 11550
4472 12012
494 13650
3895 14300
1406 15015
650 18018
2316 20020
7923 21450
713 27027
3506 30030
3853 40040
5545 50050
1931 75075
2355 100100
566 150150
1 7
5 10
9 11
2 13
3 14
11 15
11 21
21 22
9 25
7 26
22 33
28 35
22 39
9 42
35 44
14 50
27 52
14 55
13 56
2 63
51 65
61 66
38 70
31 75
67 77
55 78
27 88
49 91
73 99
44 100
11 104
84 105
103 110
82 117
112 140
47 143
61 150
95 154
75 156
33 165
154 175
117 182
136 195
118 198
43 208
23 220
166 231
46 234
91 260
166 273
113 275
138 286
305 308
296 325
3 330
229 350
1 351
209 385
370 390
5 416
259 429
383 455
447 462
388 495
271 520
49 525
123 546
99 550
380 572
91 585
445 616
251 650
46 693
244 702
25 715
389 728
733 770
460 819
264 825
37 832
226 858
751 910
151 975
697 1001
799 1100
398 1144
102 1155
1234 1287
771 1300
1336 1365
1290 1430
469 1650
1420 1716
1157 1820
704 1925
541 1950
578 2002
1183 2145
21 2275
1675 2457
694 2574
169 2860
34 3003
754 3575
1419 3850
3469 4004
3271 4550
312 5005
994 6825
6474 7150
5563 9009
8551 10010
1579 10725
12191 25025
2 12
4 18
20 28
7 32
32 45
21 96
31 130
85 132
109 180
181 288
361 364
373 420
190 432
217 540
163 567
370 1092
579 1540
517 1760
1846 1872
838 2376
2491 2496
1270 3024
1774 4095
1750 4368
1019 5720
139 5940
139 6160
271 7371
1323 9152
8059 11088
5824 11700
1685 16016
3861 33264
6589 33696
20494 36855
20629 39312
45604 52650
42661 56160
8901 157248
88267 192192
51909 240240
19989 589680
125829 665280
115269 686400
172351 1621620
1012869 1663200
848026 2027025
301051 2059200
2160371 2594592
17333921 43243200
