# T=6 N=2^5,3^3,5^2,7,11,13 engine4 scan
0 6
1 8
2 12
3 16
4 18
7 32
8 36
11 48
15 80
16 90
21 96
20 108
27 144
28 216
31 240
34 270
37 288
43 336
46 378
47 400
61 504
88 630
69 672
68 720
82 756
79 800
75 864
92 1080
87 1120
111 1200
140 1260
124 1350
93 1440
100 1512
119 1760
123 1872
154 1890
176 1980
136 2160
127 2400
178 2520
160 2700
143 2800
214 2970
141 3024
250 3150
207 3600
187 3696
219 3744
164 3780
232 3960
208 4158
189 4320
248 4680
253 4752
262 4914
340 4950
205 5040
215 5280
272 5400
277 5544
223 5600
267 5616
308 5940
165 6048
311 6240
268 6300
349 6552
380 7020
237 7200
383 7280
261 7392
190 7560
448 8190
298 8316
239 8400
283 8736
279 8800
381 9360
316 9450
247 10080
399 10400
319 10800
331 11088
333 11232
464 11700
352 11880
407 12320
320 12600
411 13104
351 13200
488 14040
463 14560
394 14850
375 15840
500 16380
357 16800
610 17550
478 18900
502 19800
397 20592
363 21600
475 21840
427 22176
439 22880
608 23400
429 23760
536 25740
453 26208
479 26400
538 27720
524 28080
644 29700
514 30240
543 30800
471 31200
628 32760
523 33264
671 34320
700 34650
664 35100
549 36960
568 37800
754 38610
880 40950
586 41580
567 43680
591 46800
541 47520
571 48048
622 49140
592 51480
573 55440
507 56160
599 61600
790 64350
621 66528
680 69300
781 72072
639 72800
637 75600
645 78624
669 79200
863 80080
694 83160
988 90090
699 93600
859 96096
704 98280
898 103950
703 109200
695 110880
759 114400
717 118800
757 123552
709 131040
860 138600
763 144144
727 151200
784 154440
783 160160
853 163800
811 166320
767 171600
896 180180
765 196560
812 207900
831 218400
813 237600
907 240240
862 257400
795 280800
837 288288
843 308880
925 327600
855 332640
952 360360
920 386100
856 393120
943 400400
946 415800
1078 450450
956 491400
927 514800
951 617760
955 655200
968 720720
959 800800
933 864864
1040 900900
973 1029600
997 1081080
1003 1201200
1005 1441440
1023 1663200
1042 1801800
1029 2402400
1054 2702700
1071 3603600
1045 4324320
1064 10810800
1072 21621600
92 15444
159 200
237 528
231 600
664 675
47 1040
141 1056
524 1188
69 1248
82 1404
349 1485
583 1575
319 2200
176 2340
167 2600
136 2808
191 3120
214 3510
39 4200
1879 4725
477 6864
3094 7425
316 7722
133 10296
3232 10395
909 13728
399 15400
551 17160
1528 17325
1567 18200
4399 19305
1531 27027
32 36036
839 46200
5119 51975
3229 61425
1031 85800
2644 96525
1151 120120
79 135135
487 200200
2473 225225
327 600600
3769 675675
19 27
7 40
7 45
20 60
59 112
45 168
163 189
123 224
205 225
279 280
224 300
183 352
311 440
313 495
88 585
71 1560
109 1755
93 1848
44 2100
117 2184
325 2457
1559 2464
115 2475
104 2772
1131 2912
1150 2925
679 3080
284 3276
2384 3300
43 3465
764 3900
8 4620
128 5460
31 5720
5398 6435
819 7700
621 10920
2289 11550
1708 12285
2564 27300
1979 32032
565 32175
959 40040
1618 45045
3201 150150
884 300300
7 9
11 20
9 30
15 42
33 70
14 75
83 100
28 126
80 132
83 140
44 156
93 210
32 264
136 297
380 396
494 525
56 660
10 819
147 1050
80 1092
46 1386
388 1638
584 1650
55 1820
177 2310
327 2730
1280 3432
1702 3861
1676 5148
5369 5775
1196 8580
500 12012
1319 14300
338 15015
172 18018
195 20020
3269 75075
2 7
5 10
5 11
7 14
13 21
13 22
19 25
16 26
8 33
22 39
24 44
51 55
18 65
46 78
76 88
38 91
15 104
6 105
6 110
19 117
3 130
125 143
67 154
26 165
31 176
88 182
187 195
56 198
183 220
163 260
84 275
193 286
151 308
160 312
254 325
153 330
129 350
299 364
117 385
70 390
363 416
323 429
397 455
69 462
107 520
298 546
39 616
388 693
147 715
363 770
609 858
817 910
949 1001
484 1100
543 1144
679 1300
1423 1430
179 1925
130 2002
917 2145
598 2275
686 2574
2283 2860
403 3003
729 3850
353 4004
2663 5005
1863 7150
3854 10725
1438 25025
11903 50050
8 15
73 84
2 135
254 450
75 1008
1131 1584
2147 3640
2193 4290
1675 4576
3423 15600
795 16016
859 25200
13312 39312
6032 59400
7467 65520
6032 77220
2566 122850
2623 140400
1079 184800
23626 193050
129933 831600
83263 3088800
17848 5405400
10 54
54 175
153 420
352 432
262 468
28 702
223 880
931 936
148 945
373 990
591 1232
1023 1320
543 1540
1679 2640
413 3575
922 6825
2979 8008
987 18720
5059 20475
83263 102960
72280 108108
47279 277200
24479 343200
308152 432432
98347 480480
2566 540540
154747 2162160
20 66
13 72
23 160
190 234
193 273
271 351
67 360
43 624
913 1155
784 2376
2427 4095
4463 5200
823 5850
2659 7800
2287 9009
7183 9240
3592 9504
7563 10010
4229 13650
4679 28600
20656 30888
1079 36400
30663 42900
26827 68640
64459 70200
47279 92400
286303 1544400
123387 1965600
5 24
53 56
32 180
267 480
406 540
234 650
712 728
356 792
59 825
13 1170
1053 1365
235 2016
1429 4550
3652 6006
5279 6600
4243 6930
6859 8775
6479 9900
9323 11440
14563 20790
11989 24570
17848 54054
50023 60060
61813 270270
42859 982800
11029 1351350
40279 7207200
1 13
5 28
49 50
48 52
11 99
104 120
109 231
143 560
379 700
164 780
104 900
59 975
123 1680
754 1716
271 2079
1867 4368
1084 4400
644 6160
6479 9100
3484 9828
13063 13860
9629 21450
22579 23100
1579 24024
3267 30030
35275 41184
11659 50400
24479 57200
27352 61776
71779 128700
31659 216216
188659 772200
27 35
1 63
11 77
139 150
75 208
46 252
148 315
534 550
444 572
298 594
747 840
844 924
58 1287
859 1400
1195 1456
1579 1800
329 1950
1759 2080
212 2288
178 3168
1944 3360
2091 7920
2538 12870
11112 15120
13440 16632
17637 18480
9608 19656
20695 39600
53982 54600
41254 81900
18312 100100
52668 205920
236613 245700
23956 554400
