# T=6 N=2^4,3^2,5,7,11 engine4 scan
1 8
237 27720
100 180
1291 5040
7 40
692 924
0 6
1828 1980
2437 3080
433 2310
7 21
568 13860
77 440
298 495
190 360
440 462
283 630
20 132
56 252
57 660
293 770
1165 1848
43 220
5 7
20 144
2043 6160
83 231
73 385
43 210
332 528
200 504
823 1260
3 11
6 35
8 44
216 308
237 4620
5 22
45 616
19 20
48 154
147 330
589 2520
1558 3960
552 1232
10069 18480
1 70
34 77
757 880
1558 3465
7 9
3 16
10 66
349 840
956 1008
117 1320
11 48
80 84
48 110
101 560
104 693
1 45
11 140
325 336
2 12
21 105
82 198
343 990
64 90
23 240
33 55
10 72
21 264
1021 1386
9 14
28 33
53 56
910 1584
21403 55440
7 15
27 60
32 126
8 42
14 63
64 99
69 120
3 30
85 88
12 165
4 18
8 36
46 792
153 1540
45 112
64 315
1197 2640
118 7920
1557 9240
16 28
31 280
343 720
860 5544
1273 6930
235 11088
5 10
119 168
357 420
13 1155
1207 2772
5 24
63 80
112 176
236 396
171 1680
1291 3696
