# T=7 N=2^5,3^3,5^2,7,11 engine4 scan
13 126
17 140
20 224
51 693
52 756
54 924
66 1386
76 1680
93 2079
83 2100
100 3360
138 7700
146 9240
177 22176
180 30800
200 37800
195 50400
205 69300
208 83160
232 207900
410 1320
196 2160
1 9900
1092 39600
0 8
4 32
90 144
174 2200
47 270
402 660
71 1650
17 165
159 275
1847 6930
1 14
13 27
39198 237600
49 50
106 198
142 630
54 80
4180 4320
219 25200
12 66
82 84
96 154
30 1848
1998 3960
9268 9504
68 1232
1159 1400
3418 5544
13 45
27 336
8026 15120
8718 46200
34 462
178 504
358 4400
2 60
184 525
1826 184800
94 400
196 432
22 180
42 72
214 2700
4902 15840
13890 16632
13234 415800
7106 554400
138 4752
31369 51975
11698 332640
123 840
3019 6300
93 135
284 360
7106 8800
209 350
942 2640
1734 4950
187 495
270 528
1762 2970
2306 13200
3 11
50 176
131 231
26 240
346 720
2752 10395
27 70
116 210
78 1800
2420 2464
1156 3024
1644 3850
8794 11550
9894 17325
37 105
174 200
146 300
3452 12600
5902 27720
0 7
7 18
2 21
16 54
1726 1890
930 2376
1150 2772
1314 7920
34882 41580
10 20
15 24
346 440
1124 3600
1856 5775
7914 14850
2612 16800
99954 110880
8 15
5 30
20 352
66 800
538 1188
1075 1260
1548 2310
2262 5280
2194 5940
32306 92400
54 132
206 308
258 330
151 385
1974 2475
932 2520
2384 3150
2410 11088
27714 29700
79626 166320
31 108
52 112
74 120
103 252
822 990
228 1155
162 1540
4036 5040
2164 7200
4534 19800
12634 33264
37026 61600
1 10
154 220
348 450
142 594
798 825
5892 6160
404 10080
10326 20790
2306 36960
3586 47520
119 150
26 900
176 1050
386 1760
3004 4158
9214 10800
12 16
14 75
210 216
139 225
20 480
634 792
3706 15400
14074 18900
22406 23100
8334 79200
35274 831600
324 550
452 880
106 1008
514 1056
1684 1925
1942 3780
724 5400
4226 5600
1024 7425
4462 7560
1394 12320
11506 23760
42 44
94 315
274 540
134 600
138 1100
1267 1485
2074 4200
4782 8316
4 22
19 56
179 280
282 396
414 1200
484 1350
1268 2016
622 3080
2790 3168
292 4620
7954 13860
3 28
9 63
18 110
51 168
628 672
74 770
6078 6600
3424 9450
5314 11880
2734 59400
2074 66528
72034 138600
4 25
32 35
3 48
9 100
146 160
18 297
184 675
18 1584
1534 2800
2118 3300
20596 30240
89134 1663200
1 9
9 12
84 96
30 189
222 264
436 864
466 1080
286 1980
386 2400
3508 6048
35274 55440
46624 103950
28564 151200
89134 277200
6 40
41 77
144 175
373 378
516 560
314 616
694 700
25 945
340 1440
268 1512
214 1575
626 3696
3049 4725
1826 8400
5694 18480
21534 26400
0 33
13 36
5 42
27 55
2 88
88 90
76 99
20 288
375 420
596 1120
2241 3465
162 7392
5044 21600
19794 34650
17194 75600
107294 118800
