# T=7 N=2^5,3^3,5^2,7,11,13 engine4 scan
4 35
9 63
32 350
123 1925
158 2275
165 4095
226 16380
242 18200
282 30240
292 32032
386 122850
440 332640
42 360
130 144
276 5616
2174 10296
590 5720
49 297
12 27
8 15
444 560
587 693
88 90
236 286
1677 3640
37946 45045
12415 83160
34 91
607 2772
13675 15120
5141 18900
452 1200
1397 5040
3326 2402400
29 351
2308 3960
4514 27027
40 84
178 4752
63 300
7166 1081080
2 21
1218 2574
134 154
41 210
354 416
1454 1848
132 2800
5030 18480
4124 61600
90 198
8818 33264
7484 1441440
1777 1820
22578 23400
30418 39312
258 624
949 1386
3292 6048
2028 7425
21003 59400
13262 450450
5 70
20 240
1111 1260
1382 1650
5052 5400
5702 900900
10903 16632
60 234
347 455
302 2310
8606 11088
25140 617760
27 275
158 572
5690 6006
78834 123552
398 616
662 924
1413 32175
60197 131040
0 45
183 2700
12060 18018
616502 772200
34 54
0 156
764 1120
18 78
1284 1872
5084 12320
6948 12600
6003 17325
75146 300300
360258 1029600
11 150
75 180
26 308
195 540
837 910
3534 4004
4092 5600
16194 23760
26177 245700
483 900
82 1540
1042 3024
3540 4320
1478 8008
102001 1351350
6 39
36 40
104 110
121 126
15 135
49122 65520
14 88
571 756
1028 1040
499 1188
823 1512
986 1980
1998 2925
8222 17160
27804 68640
89822 180180
128532 218400
32 33
182 312
803 1100
5276 6435
4832 9100
2748 21600
14932 36400
34367 40950
18322 66528
62232 81900
517532 800800
148 495
534 630
114 720
830 10920
3986 16016
11742 30800
45522 144144
927077 982800
13 36
1201 1575
162 1584
603 3300
5328 9900
12603 13200
15998 36036
97542 400400
5582 7207200
5 42
652 840
2328 2457
4666 4725
22128 23100
172188 343200
18 528
242 728
933 975
1083 1350
2003 2200
5186 5460
7698 34320
24114 10810800
9 10
8 66
303 600
714 2340
13786 19656
10674 55440
20885 78624
119388 193050
3 28
66 120
83 273
1622 2860
5202 38610
40104 90090
25 65
198 390
42 520
1228 2970
5188 5940
6366 9828
18654 30030
14562 77220
11748 98280
542846 720720
1696262 1801800
139 252
67 396
241 700
802 3575
222 4914
52 7200
2237 8190
5582 36960
12852 79200
57634 196560
75 77
103 175
212 352
753 825
372 2002
178 2288
5611 6300
8491 10800
15303 19305
4 80
3700 10010
227 10725
8078 13728
13282 26208
5652 31200
58908 237600
47846 540540
235 336
246 1232
438 1404
50 1755
1415 2145
554 3003
2328 7700
6132 7722
5188 7920
5058 20790
11988 27720
142306 216216
87228 554400
892932 1965600
76092 21621600
6 24
20 26
377 420
62 792
521 1050
3012 4680
3314 7280
7067 25025
8882 42900
7932 54600
24348 56160
17058 61776
18003 75600
97542 200200
76092 327600
10 16
51 117
101 231
36 288
257 429
348 7392
1474 11232
11103 29700
24370 47520
3742 61425
912 96525
2801 135135
8748 277200
22 72
167 195
137 280
46 525
438 585
422 858
3480 3510
3344 4620
2204 5280
3326 6160
11280 12870
14117 18720
1842 20020
1203 51975
14562 57200
11988 205920
145330 4324320
52 56
184 364
540 672
370 715
288 780
252 800
132 936
1397 1456
932 4550
6010 7560
3558 8775
1692 16800
17462 28600
17732 46200
36382 160160
117522 308880
223428 5405400
18 75
38 112
88 660
978 1248
1132 1400
1602 1950
1948 2912
348 3360
1620 3744
557 4200
2948 5200
5276 6930
5202 15840
6550 41580
5202 51480
35612 75075
27582 114400
113282 150150
456802 2162160
0 8
2 48
43 55
70 216
516 864
88 1300
230 1560
1481 3276
3090 4290
2307 5544
4728 8580
10332 10400
3742 12285
14232 27300
85203 92400
108077 491400
352698 600600
146 176
372 432
138 546
326 990
1104 1155
491 1287
1082 1365
920 1430
557 2520
906 3432
432 3900
4334 4368
2853 5775
932 8400
1879 10395
1080 12012
7698 20592
10908 21840
65388 118800
44328 207900
49332 280800
24370 360360
7 20
232 378
684 880
948 2080
4142 7800
8062 8316
5702 11550
18432 20475
7842 34650
47832 100100
4578 102960
59628 109200
123708 151200
0 7
4 13
31 50
10 104
62 165
24 468
3 550
92 675
456 702
372 1638
1074 2184
1364 2730
1488 3780
1316 3861
1428 6240
6274 11440
4194 13104
10917 14560
34452 46800
93166 108108
393298 864864
12 32
51 60
11 105
106 108
100 168
51 189
130 208
105 270
340 480
394 504
1500 2016
651 2376
2103 2475
2898 3120
802 4576
437 5850
1292 6825
1042 9360
4503 9450
1588 10080
2853 14850
1203 15400
9603 25200
11442 28080
6603 37800
42303 69300
110268 110880
130692 163800
99634 240240
102858 257400
528588 1201200
7 18
14 52
86 132
188 224
126 440
67 1008
60 1080
510 1170
1610 1716
38 2079
101 2100
2034 2640
753 3150
5586 6864
2930 13860
2930 15015
23682 25740
19203 39600
27738 64350
6730 72072
16642 96096
23538 103950
62388 138600
66228 184800
411442 432432
1496532 3088800
12 22
5 30
22 44
4 96
17 140
48 182
194 330
123 385
448 594
60 650
502 1144
508 1440
9 1485
1132 2600
2062 3080
4266 5148
252 6600
4782 17550
9278 24024
1852 24570
26088 60060
52698 70200
48852 93600
34428 166320
8838 225225
647292 655200
785028 1544400
23 100
12 130
170 220
108 225
158 264
88 1001
924 1056
843 1320
557 1680
652 1800
1075 1890
828 4950
4592 7150
3828 8800
5274 9009
228 9240
4498 9504
10188 11700
4282 14040
7522 15444
308 22880
18708 32760
948 35100
37250 40040
28596 48048
13282 80080
1452 85800
25788 154440
344028 386100
301908 480480
20253 675675
195528 2702700
6 11
85 99
106 143
60 160
12 200
210 260
103 315
92 325
292 400
124 770
604 1760
1906 2160
988 2464
2082 2808
783 3465
1553 3850
338 4400
3249 5005
725 6552
3413 8736
4188 11880
9942 13650
6802 41184
32988 50400
74012 120120
125148 140400
149652 171600
56052 514800
251388 831600
1 9
9 12
1 14
22 25
13 450
96 462
723 819
508 945
977 1092
92 2400
1588 3168
852 3600
3116 3696
524 4158
1550 7020
8478 14300
6852 15600
19698 19800
3078 21450
13500 22176
18782 26400
19002 30888
12828 43680
7968 49140
2428 50050
5430 54054
828 72800
114552 128700
15768 270270
29628 288288
175548 393120
403428 415800
1360188 1663200
3492688 3603600
