# T=7 N=2^6,3^4,5^2,7,11,13 engine4 scan
1 14
3 28
5 42
12 112
18 175
30 189
22 280
25 315
32 350
33 378
37 462
46 525
41 546
51 567
48 616
50 630
52 672
45 700
55 756
67 910
54 924
60 945
66 1008
53 1050
69 1092
75 1134
76 1232
95 1365
73 1400
83 1638
92 1680
100 1848
97 1890
123 1925
111 2184
106 2240
156 2457
104 2464
110 2772
129 2800
130 2835
132 2912
134 3080
136 3360
121 3696
158 3850
138 4004
146 4032
200 4095
150 4200
151 4725
160 4928
166 5544
180 5600
177 5670
186 5775
205 6006
240 6237
185 6300
228 6825
190 6930
207 7280
345 7371
194 7392
209 8190
206 8316
220 9072
222 9240
274 10010
235 10395
242 11200
243 11340
270 12285
251 13104
241 14560
258 14784
264 15120
269 15400
272 16016
268 16632
292 16800
298 17325
279 17472
289 18018
277 18200
307 18900
293 19656
305 20475
300 22176
313 23100
321 24024
331 24948
312 25025
492 27027
335 29484
344 30800
356 32032
360 33264
372 36400
374 37800
400 40950
405 48048
402 49896
414 50050
388 50400
416 52416
409 56700
412 61600
429 62370
426 64064
417 65520
452 69300
433 72072
466 75075
447 78624
457 83160
453 90720
473 100100
480 103950
474 108108
486 113400
484 120120
495 124740
493 131040
500 138600
502 144144
512 145600
503 147420
508 150150
516 151200
550 155925
521 160160
537 162162
523 166320
522 200200
545 216216
552 221760
559 235872
554 240240
557 245700
558 249480
562 262080
565 270270
570 277200
579 294840
578 300300
601 311850
580 320320
586 332640
596 360360
605 400400
613 450450
626 471744
614 480480
624 498960
629 576576
648 675675
652 737100
654 786240
656 800800
668 831600
671 1081080
676 1108800
683 1201200
681 1247400
696 1297296
691 1441440
694 1601600
698 1621620
709 1801800
723 2027025
713 2358720
727 2594592
730 2948400
733 3243240
738 3603600
744 4054050
748 4804800
751 5189184
750 5405400
755 7207200
767 11793600
768 12972960
776 25945920
152 154
230 273
97 364
25 455
243 693
690 1080
1452 1620
580 2880
58 3003
2130 3240
42 3600
1290 4752
2212 4800
1122 5400
3172 7200
1002 7920
4152 8100
1540 8640
2586 11880
6852 12960
9930 14256
7392 16200
5910 17820
8202 19008
1992 32400
762 39600
32826 47520
9042 52800
420 56160
14682 57024
11562 59400
25482 61776
15492 64800
1050 71280
23106 77220
6762 85800
25212 89100
7626 95040
30340 112320
44490 123552
2884 137280
28506 142560
6690 154440
9380 168480
46362 171600
9642 205920
2670 231660
45642 237600
14250 308880
24580 336960
83562 343200
2910 386100
143472 421200
31242 514800
18570 617760
136362 686400
144552 712800
183972 842400
20490 926640
51172 1029600
17112 1158300
38010 1235520
37842 1425600
248772 1684800
11226 1853280
8472 9266400
8322 18532800
0 8
4 16
3 18
2 24
13 30
33 36
10 45
22 60
12 96
230 240
187 270
76 288
51 432
85 450
277 810
115 990
110 1200
1233 1296
625 1350
638 1584
1708 1728
430 2340
814 2640
1525 2700
365 3900
1357 4050
205 4950
620 5280
817 10530
2060 10560
2673 11232
2050 11700
745 12870
1285 14850
833 15600
9657 16848
3052 18720
4057 21060
4210 23400
8588 27456
27081 28080
1953 30888
15273 33696
934 34320
3715 38610
2348 41184
3130 42120
1433 42900
970 51480
1015 64350
8361 84240
13185 92664
9727 115830
5 10
38 40
49 75
9 100
83 150
113 300
29 312
178 600
337 660
9 936
23 975
57 1040
829 1300
437 1404
23 1650
326 3120
171 3510
161 4290
941 5148
3929 5200
4477 5720
79 5850
2501 6864
5479 7425
1721 8580
4997 11440
905 15444
6469 17600
13057 22880
843 46332
0 9
6 13
16 27
2 33
23 39
31 65
27 77
61 81
78 88
77 104
89 110
117 130
115 135
11 143
49 198
25 208
137 234
55 286
12 320
59 351
198 352
276 405
138 440
278 585
347 594
19 675
658 800
129 832
809 858
574 891
263 1100
109 1144
51 1188
1228 1600
1379 1716
157 1755
582 1760
519 1782
7 2106
1001 2145
1643 2925
262 3520
2059 4455
1126 4576
5467 6435
6611 7722
2228 8775
9413 10725
9079 11583
3803 23166
1653 26325
2 21
4 35
138 200
254 560
697 1980
518 2496
86 6240
2463 6480
8399 12012
1691 17160
6758 44352
12095 54054
4406 62400
17218 75600
10763 81900
20257 105300
2764 187200
2534 247104
78058 356400
39446 411840
504637 4633200
2188 14414400
2486 64864800
44 64
54 80
37 180
154 225
206 264
245 468
382 495
495 572
519 648
527 702
557 780
965 1001
709 1155
1969 2310
263 3150
727 4536
629 4914
94 15840
6418 33600
22924 36288
25366 114400
26956 133056
144038 192192
167677 210600
2657 4324320
5737 6486480
31 66
34 120
53 156
19 210
419 504
58 840
944 2079
263 2100
4558 11088
2726 18480
2429 21450
8717 22464
15926 36960
22441 40040
20569 57200
15367 57915
8819 73710
20621 90090
2693 93600
8659 96525
13018 415800
17617 720720
7369 772200
27653 3931200
2603 21621600
51 72
11 84
107 195
219 220
301 520
609 715
325 728
699 770
589 792
146 819
418 900
391 1820
1043 2574
460 2592
671 3024
3144 3575
5454 6160
3590 8008
8659 9900
5549 70200
73258 92400
57858 123200
8609 288288
119458 369600
6907 810810
14458 9979200
52 54
13 99
70 176
181 182
139 330
374 1056
94 1120
1057 1170
1129 1430
1054 2160
2058 2200
454 2520
2057 3276
3629 3640
2239 3780
1777 3960
4269 4550
4069 4620
6514 7128
3993 9100
8908 11550
2869 14175
23698 27720
2764 30240
5515 81081
43084 181440
134818 226800
199618 453600
16258 475200
30988 561600
32014 1544400
322414 1995840
174658 6177600
0 7
6 12
13 91
98 117
10 132
10 144
167 336
67 385
337 416
277 540
86 880
1018 1800
1420 2112
2393 2730
3637 5460
460 6336
4969 9450
1324 10080
8669 10920
14458 19800
10414 21600
7759 29700
19459 34650
1654 35640
30988 43200
40858 45360
5153 52650
51148 60480
90334 118800
145858 554400
409349 960960
41663 982800
464453 1310400
424301 8648640
21 26
140 192
159 216
57 260
326 360
38 528
317 624
79 1260
1461 2288
1121 3432
1377 4160
2351 4368
4581 5824
1697 9828
9169 12600
7009 13860
13708 14400
16853 17550
13534 28512
13093 29120
1327 36855
18309 45760
7727 117936
112519 193050
186469 436800
390037 540540
171919 579150
57259 623700
117214 665280
637349 900900
337049 2702700
993214 4989600
105769 16216200
131 165
139 420
478 864
976 1053
1409 1560
919 1575
1649 1950
263 2002
664 3465
239 3744
790 4158
6796 12096
6978 12320
7493 12480
4451 14742
8063 16380
7258 25200
11009 32175
14333 39312
8389 43680
33389 45045
26029 54600
20719 61425
65989 68640
46469 72800
20831 157248
56302 199584
227374 285120
8569 289575
215753 491400
405388 3326400
1523269 8108100
3 11
1 15
47 70
193 325
332 448
8 550
614 704
755 1386
1823 1872
1858 2400
1363 2600
922 3168
2629 3300
1340 3861
34 4212
2458 4400
4348 5040
6215 6552
6829 7020
5 7488
1877 10296
1629 10400
4607 13728
769 15015
17709 20020
7129 27300
21418 28350
3859 28600
334 31680
25199 60060
9599 67392
48959 102960
17629 109200
28429 140400
239389 589680
502981 864864
707788 1663200
1061269 2494800
17 78
17 140
22 160
206 224
166 252
145 297
302 308
269 400
224 429
334 1320
604 1512
1314 1540
1612 2016
629 2080
2947 2970
3079 5005
3589 5616
5218 5940
3349 6048
4138 7560
1269 8800
1093 20592
12589 22680
20869 23760
172 66528
28549 73920
17919 80080
59461 99792
62093 163800
14929 178200
52069 184800
103004 225225
29333 393120
6709 432432
306349 463320
255349 997920
1211419 1351350
31129 2316600
982069 3088800
6 22
14 48
141 162
226 231
265 396
268 480
268 576
418 1287
657 1456
387 2275
1561 2376
517 2860
1327 5265
3349 6720
6334 7700
3365 9152
1253 9360
4222 9504
469 10800
10229 14300
6709 20160
12847 20790
7909 24570
7489 31185
18529 35100
38674 41580
29779 44550
43669 46200
6544 51975
47039 87360
87989 185328
125663 196560
124018 302400
54293 370656
365749 405405
358259 600600
425029 655200
169669 907200
335093 1179360
935413 1729728
1436063 1965600
1479229 5896800
1338469 32432400
1312069 129729600
7 20
23 25
18 44
9 52
58 63
40 90
15 108
51 126
39 168
33 275
87 324
11 390
453 650
229 960
137 1248
493 2025
682 2268
1697 2808
373 3564
4037 4680
2529 7150
4969 8400
3829 8424
967 8910
6769 13200
9169 21840
8469 24640
1237 25920
11857 26208
14869 31200
14629 32760
11857 36036
9337 49140
7069 58968
26213 82368
44869 100800
28489 110880
83699 128700
83269 129600
108877 180180
114379 184275
163129 257400
12421 399168
19381 741312
322069 2882880
10047169 10810800
28 32
39 50
19 55
17 56
11 105
157 720
4 825
437 1344
697 1440
472 1485
2308 2475
1324 4320
389 5184
3653 6600
4253 7800
7493 8736
6425 9009
3091 12474
7069 13650
2497 14040
1525 18144
10349 19305
20469 20800
79 22275
2497 25740
18469 26400
10219 30030
28319 37440
42829 46800
34429 55440
4729 79200
39941 96096
10069 98280
114379 122850
9124 135135
110869 158400
193129 207900
59629 218400
41029 228800
118069 280800
297373 324324
103669 327600
5029 368550
648493 648648
355669 1474200
31669 2059200
363173 2162160
137269 2402400
348469 3706560
25101653 43243200
