# T=8 N=2^5,3^3,5^2,7,11 engine4 scan
17 80
117 1200
217 4400
426 11088
387 15840
115 1320
90 1584
1564 51975
42 336
37 1540
14 66
40 99
2133 29700
2 33
58 168
1052 2464
39 300
44 1848
1269 2100
27 160
5 112
62 385
153 1260
57 70
704 924
537 1760
42 45
1689 6300
1078 1980
7789 16800
6987 8800
10 36
13149 103950
274 504
58 720
173 840
39 55
17797 69300
27538 83160
23 42
214 864
5697 5940
124 175
757 2640
20 264
1639 1925
2677 13860
322 594
214 792
389 800
41 84
0 135
33 180
28 224
1427 3360
239 600
1138 1440
2257 3300
297 495
434 1400
5 30
67 880
6939 9450
35677 92400
33 56
297 315
286 560
95 231
60 352
257 462
12847 34650
10 15
4 25
19 100
229 308
142 1008
106 1188
139 2200
826 5544
18 48
77 770
3177 3465
2977 4950
2347 5280
539 7700
33097 237600
12 32
977 1100
392 1155
3607 11550
7474 21600
0 18
17 21
113 252
587 660
1402 5400
5337 5600
4203 9504
634 15120
28 96
187 675
2407 5775
10537 15400
17926 30240
18682 415800
4 16
6 24
189 198
376 378
99 700
397 1232
154 1680
527 3850
13 60
60 288
285 616
61474 151200
97 225
106 756
288 945
9148 12320
1132 14850
10258 23760
41180 55440
26347 79200
0 8
88 126
13 396
130 1512
2457 2970
2251 3168
646 6048
5589 12600
16677 59400
5 22
106 120
47 420
427 440
397 450
994 1350
538 2160
5647 17325
49 350
202 360
538 3780
2689 4725
430 8316
4220 18480
14902 18900
52834 75600
19773 110880
290589 554400
9394 831600
34 35
477 990
348 1120
3069 3150
1580 3696
5697 6930
10507 26400
10737 41580
3 44
9 50
32 132
323 630
577 1050
2590 3024
1858 4320
6908 7392
12213 27720
30562 33264
27693 47520
7 40
99 150
117 154
157 400
92 1056
1357 2310
937 2400
2592 10395
8557 23100
2 12
29 63
67 75
22 165
58 216
70 2016
1186 2772
2387 7920
6467 10080
8206 11880
2968 20790
36707 36960
45682 66528
13389 184800
43 88
45 270
67 330
513 540
92 672
315 1386
837 1485
589 1575
1857 3080
3778 4752
4954 5040
33097 39600
74989 277200
3 9
8 11
33 77
37 200
67 240
364 525
1069 2800
1597 3600
2617 4620
6139 6600
6457 8400
439 19800
61387 118800
94282 207900
1 10
3 20
7 27
9 54
94 105
12 176
129 280
79 297
646 1080
139 1800
2320 4158
1756 6160
6477 9240
56239 138600
380 528
339 550
89 825
277 1650
1942 2376
7 2475
439 4200
5314 10800
4357 25200
18989 30800
6739 37800
22639 46200
7882 50400
21157 1663200
21 28
17 110
42 144
72 189
157 220
114 275
418 432
667 693
739 900
2853 3960
1834 7560
3382 9900
12418 16632
10982 61600
15442 332640
11 14
22 72
15 90
70 108
29 140
79 210
107 480
423 1890
1753 2079
2229 2520
2482 2700
4537 7200
6712 7425
6937 13200
10069 22176
1069 166320
