# T=8 N=2^6,3^4,5^2,7,11,13 engine4 scan
4 16
10 36
18 48
13 60
22 72
34 108
25 120
58 144
29 150
37 200
53 240
45 270
90 288
49 350
55 360
130 432
75 450
85 480
93 540
124 576
178 648
89 700
79 900
107 960
99 1050
153 1080
117 1200
214 1296
188 1344
173 1440
225 1620
274 1728
282 2016
169 2100
233 2160
157 2200
217 2240
235 2520
189 2800
267 2880
418 3024
199 3150
273 3240
229 3300
316 4032
255 4050
269 4200
277 4400
353 4680
307 4800
355 5040
474 5184
317 5200
345 5400
429 5850
453 5940
570 6048
508 6336
473 6480
380 6720
610 7128
369 7200
475 7560
387 8400
513 8640
477 8800
675 8910
646 9072
489 9100
835 9240
435 9450
439 9900
445 10080
765 10530
587 10560
457 11200
655 11340
449 11550
693 11880
572 12096
617 12320
469 12600
653 12960
715 13860
813 14040
862 14256
777 14560
579 14850
499 15400
615 16200
589 16800
1042 16848
956 17472
557 17600
873 17820
649 18200
679 18900
1084 19008
627 21600
858 22176
1138 22464
595 22680
599 23100
739 23400
953 23760
970 24948
689 25200
1015 25920
1146 26208
677 26400
1053 27720
1073 28080
795 28350
937 29120
1294 29484
787 30800
717 31200
1195 32760
769 33600
993 35640
892 36288
849 36400
1097 36960
1255 41580
1305 42120
1129 42900
885 43200
1029 44550
889 46200
969 46800
1618 49896
899 50400
1413 51480
1340 52416
1065 52650
1570 57024
957 57200
1834 58968
1177 60480
1077 61600
1027 64800
1315 65520
1434 66528
1626 67392
1373 68640
1069 69300
999 72800
2025 73710
1405 73920
1533 77220
1157 85800
1245 89100
1285 90720
1906 92664
1169 93600
1547 95040
1942 99792
1773 102960
1197 109200
1417 110880
1199 113400
2146 117936
1335 118800
1675 120120
2434 123552
1329 128700
1397 129600
1615 131040
1673 142560
1349 150150
1369 151200
1916 157248
1389 163800
1645 166320
1429 171600
1975 180180
1497 181440
1399 184800
2158 185328
2108 192192
1557 200200
1853 205920
1469 218400
2033 249480
1765 285120
1649 300300
1589 302400
1913 308880
1605 311850
1817 320320
2266 324324
1867 336960
1729 343200
2133 360360
1699 368550
1669 369600
2338 370656
1739 386100
1897 393120
2044 399168
1689 400400
1779 450450
1785 453600
2095 463320
1757 475200
1827 514800
1789 554400
2125 589680
1849 600600
1899 623700
2490 741312
1917 800800
1969 831600
1997 842400
2586 864864
1987 907200
2333 960960
2039 982800
2029 1029600
2335 1179360
2347 1235520
2554 1297296
2079 1351350
2077 1425600
2099 1474200
2147 1601600
2433 1621620
2620 1729728
2179 1965600
2229 2316600
2537 2358720
2235 2494800
2914 2594592
2277 3088800
2515 3243240
2289 3326400
2299 3603600
2307 3931200
2339 4054050
2317 4633200
2329 4804800
2684 5189184
2369 5896800
2387 6177600
2613 6486480
2399 8108100
2655 8648640
2415 9979200
2479 11793600
2489 14414400
2505 16216200
2529 18532800
2549 32432400
2547 43243200
2557 64864800
415 420
377 560
75 630
113 1320
277 1560
1479 1650
637 1760
689 1950
1233 1980
867 2080
380 2496
225 3510
322 4212
418 4752
55 5460
418 5616
57 6160
537 7280
475 10920
233 17160
3539 21450
153 25740
572 27456
2925 38610
4729 40040
646 46332
1177 80080
124 175
9 280
270 405
252 448
379 504
480 675
39 770
517 880
808 1134
1402 1512
904 1575
774 1925
739 2310
700 2835
237 3080
3379 4725
1341 5544
60 5824
3914 6825
1920 7425
106 8316
1050 8736
30 8775
3550 10395
562 11088
160 12285
706 13104
605 13728
3130 16632
5174 17325
130 20592
930 22275
8649 25025
10065 26325
3259 30030
810 31185
253 32032
5830 36855
17224 51975
47475 54054
360 57915
28389 72072
2374 108108
18439 184275
11239 225225
3 18
25 42
37 56
55 105
52 162
124 224
19 315
243 378
431 462
186 528
160 567
252 832
1061 1092
292 1155
1242 1248
292 1365
367 1386
337 1430
1377 1782
17 1848
286 2106
871 2772
1627 3276
1618 4368
700 4576
1971 4914
2752 6237
234 6864
1501 7371
828 9152
10637 12012
4169 15015
502 15444
124 23166
4714 27027
43404 45045
7 9
4 11
2 15
16 21
14 25
5 26
0 27
13 35
22 45
47 52
10 63
64 65
24 77
63 78
15 81
33 99
22 126
27 130
38 154
28 176
159 182
166 189
12 195
2 231
97 273
102 286
92 312
254 325
87 351
229 364
159 390
220 416
156 429
39 455
199 468
438 594
65 616
639 702
542 715
284 728
409 819
569 825
447 891
204 1053
1191 1287
99 1485
472 1638
222 1716
364 1755
1209 2002
142 2145
94 2457
1542 2574
2346 3432
984 4004
3028 5005
2236 9009
2 12
3 20
5 30
9 54
28 64
469 525
882 1144
369 1350
1023 1404
679 1800
1563 1872
94 2268
817 2730
1980 3520
1073 5280
2827 6930
2146 10800
423 19305
32019 35100
229 56700
1804 155925
18813 160160
99834 199584
395706 617760
42810 712800
22987 2162160
33579 2702700
10 13
6 33
7 84
45 112
329 550
269 650
636 704
202 756
173 840
956 1056
325 1120
558 2079
1084 2400
1129 2700
423 2970
1387 3120
1794 3575
537 3600
1315 9828
8997 19800
22018 78624
88444 100800
152187 168480
93473 332640
74737 540540
191119 2948400
12 32
30 39
29 44
17 80
31 252
145 546
498 792
627 1040
469 1300
1180 3360
282 3744
3319 3900
1073 6600
4794 9504
3879 29700
44924 45760
50019 81081
19553 92400
176679 193050
190341 216216
53779 226800
1147 240240
141657 289575
15979 1247400
429819 1544400
158098 1995840
18 66
28 208
82 225
38 275
313 440
266 572
149 600
74 1001
3379 6006
6949 7150
4869 7800
2929 8100
7499 10725
6860 11440
6277 14742
54653 55440
33020 87360
7867 98280
36357 115830
24787 187200
91613 221760
35047 270270
80092 405405
530227 655200
266719 737100
117279 1158300
330618 1441440
14797 7207200
6 24
34 88
145 210
247 260
1425 2184
2578 2592
3732 3861
384 5265
3324 5600
3457 6435
6819 11700
11442 18018
16732 18720
124 20800
21210 28512
2769 32175
28602 64064
43719 70200
2917 178200
30113 237600
201187 257400
202493 665280
272 385
267 1170
249 1400
393 1584
668 2464
1629 2475
2560 3003
2577 4290
892 4320
937 4620
3057 4950
2197 5720
2617 5775
2044 6240
645 8424
7197 8580
8797 20020
19717 27300
1077 39600
30879 59400
25827 84240
18667 90090
30460 133056
78819 140400
9217 147420
24833 158400
53065 162162
17693 277200
25533 648648
22594 675675
293757 772200
315233 1663200
808700 2882880
1752747 3706560
25597 10810800
21 28
39 40
99 100
188 320
40 810
391 924
937 990
307 1260
87 2600
1073 2640
2853 3780
4247 4550
2119 5670
2791 6552
1148 7488
7804 10400
9217 16380
3772 20160
17020 24640
30714 30888
9724 31680
14949 37800
14332 44352
2684 52800
22594 61425
79777 81900
46972 112320
100284 123200
90397 138600
46210 235872
120124 436800
445378 997920
50044 1684800
627533 4989600
8 55
69 70
73 91
129 140
156 160
6 324
83 330
496 693
442 1232
90 2288
762 3564
2972 3696
685 4158
90 7392
5541 10296
762 11232
11569 14175
6844 20475
22173 24024
28066 30240
26812 37440
33533 47520
3308 48048
16124 62400
72757 83160
55179 103950
47079 105300
130364 137280
124665 144144
8619 280800
179191 432432
237244 561600
479877 1081080
202493 1108800
415484 2059200
132549 21621600
38778 129729600
1 14
9 50
23 110
130 168
33 180
159 297
332 336
339 520
467 910
44 1680
188 2112
1959 2808
1567 3465
1789 3640
3379 3850
3490 10010
6844 14400
4988 14784
17693 18480
10579 32400
17889 49140
14217 71280
70929 75075
36717 79200
79962 82368
73532 96096
13819 114400
43629 135135
125619 210600
203004 228800
38778 247104
211900 288288
14937 411840
128197 415800
490738 498960
421929 900900
209404 1310400
1171257 4324320
352179 5405400
602277 9266400
1080418 12972960
252220 25945920
9 22
15 90
72 135
6 156
153 220
162 264
346 352
66 396
627 780
66 800
553 945
994 1008
377 1100
1125 1188
1404 1600
1579 2025
319 2275
377 2860
627 4095
3874 4536
2733 5148
2517 7020
2679 8190
1179 12870
5260 15120
8769 15600
5716 19656
14217 21060
12077 22880
8979 28600
19539 34320
28027 34650
12561 36036
14937 41184
5899 45360
39729 60060
62829 64350
90892 196560
86617 207900
11979 491400
786477 2402400
18 104
77 132
68 165
174 198
58 216
67 300
25 308
379 400
397 585
42 624
453 660
717 720
819 858
316 936
1404 1456
859 1890
2224 2340
2076 2912
717 3960
3644 4928
40 7722
6178 7920
8788 12474
3004 12480
6669 14300
8529 17550
850 18144
2740 20790
11787 56160
25798 62370
28579 75600
29094 96525
89184 100100
30637 122850
82498 124740
35187 145600
83157 154440
252220 262080
109714 294840
164524 327600
352179 356400
136930 471744
416217 480480
166569 579150
141657 720720
39819 1201200
0 8
1 10
44 75
42 96
15 117
45 143
60 192
123 234
177 495
92 672
186 864
204 975
1509 1540
1124 1820
1554 2376
319 2925
1146 3168
1020 4160
2337 4455
249 6300
529 7700
3929 8008
1257 9360
5310 11583
4377 13200
5269 13650
7017 15840
5100 16016
3337 21840
172 24570
12316 33264
7330 33696
8277 39312
6129 40950
40834 43680
13279 50050
819 54600
19851 61776
61119 231660
8619 245700
195819 421200
207868 576576
446524 686400
489549 786240
510064 810810
773098 926640
405698 1801800
1284864 1853280
1129331 2027025
