# T=8 N=2^5,3^3,5^2,7,11,13 engine4 scan
4 16
3 20
13 60
17 80
15 90
33 180
37 200
53 240
60 288
70 432
69 600
92 672
113 840
79 900
99 1050
129 1350
130 1512
173 1680
139 1800
169 2100
178 2160
202 2376
137 2400
227 2640
189 2800
199 3150
229 3300
188 3360
217 3600
273 3780
233 4200
286 4320
299 4550
295 4680
255 4950
297 5200
307 5280
269 5400
289 6300
325 7200
380 7392
322 7560
349 7700
353 8400
476 8736
389 9100
473 9240
379 9900
333 10080
377 10400
426 11088
540 11232
435 11700
475 11880
513 13860
346 15120
397 15600
413 16800
499 18200
653 18480
655 18720
477 21600
469 23100
945 24570
537 25200
715 25740
529 26400
565 27720
569 29700
599 30800
833 32760
714 33264
668 36960
689 37800
754 39312
595 39600
813 41580
829 42900
699 46200
718 47520
895 51480
769 54600
885 64350
787 68640
795 70200
799 81900
797 85800
999 100100
1186 108108
860 110880
1075 128700
867 131040
917 138600
989 150150
893 151200
969 163800
994 166320
997 171600
1053 180180
1017 184800
1029 193050
1015 196560
1049 200200
1045 205920
1039 218400
1065 245700
1215 270270
956 288288
1067 393120
1157 400400
1155 415800
1148 480480
1255 540540
1187 720720
1197 772200
1150 831600
1289 1201200
1244 1441440
1249 1663200
1294 2702700
1329 7207200
89 1950
214 1188
92 1248
106 1404
113 1560
90 1584
129 1650
627 1760
138 1872
153 2340
99 7150
415 8580
67 11440
199 14300
322 15444
2035 17160
282 20592
1587 22880
1747 80080
29 112
0 135
79 210
220 224
142 252
117 280
186 336
570 675
173 780
130 792
565 945
625 990
682 2772
17 2860
1060 3465
2058 3696
889 4725
2699 5775
42 6864
2320 10395
1105 12285
1997 20020
55 30030
700 32032
2005 45045
2050 54054
1470 96525
7455 225225
11 14
9 18
29 35
23 42
274 312
346 396
142 468
337 495
857 1155
867 1232
933 1386
12 1456
874 2275
76 2288
604 4576
4066 5148
2327 15015
8367 18018
4 13
14 25
0 54
27 56
74 78
97 110
33 126
34 132
136 143
116 156
60 182
196 198
136 231
47 273
29 364
247 390
437 455
232 572
178 594
483 616
292 715
830 858
972 1001
227 1430
1095 2002
1885 2079
122 2145
90 2457
934 2574
3142 3575
4322 5005
877 6006
10 36
7 195
44 624
199 1200
1564 4158
2679 17550
20877 98280
44677 514800
4704 675675
19 21
124 352
18 360
162 385
90 864
1726 10296
1117 14040
4606 23760
17617 32175
4479 50400
6279 69300
67987 79200
28329 122850
17079 554400
3977 10810800
18 22
7 45
9 50
27 130
49 350
297 560
70 936
717 1100
57 1400
457 1820
9216 9828
11397 36400
27517 257400
226366 308880
33 39
59 70
107 120
36 270
227 275
89 420
87 1170
4537 5600
2250 6048
9429 9450
3457 20475
178957 491400
33404 864864
13436 1029600
1387 21621600
3 9
1 10
5 30
18 48
42 144
307 450
202 462
380 480
877 2310
2580 4004
684 5616
447 7020
3196 16016
3817 16380
12579 18900
6207 19305
16597 23400
11554 36036
14684 46800
1554 51975
66994 72072
34234 216216
28412 617760
7157 1801800
38 105
34 108
387 440
2446 2970
3977 6160
3607 10010
10316 13104
13029 14850
23432 25025
2204 31200
44677 57200
18077 120120
30284 140400
74197 386100
47497 900900
62684 2402400
0 8
28 96
217 225
399 400
188 429
549 728
444 800
1332 2808
2677 3900
4076 4368
5076 5720
5917 6930
8587 19800
14647 50050
44079 103950
91258 154440
14794 207900
56374 5405400
0 26
68 104
90 720
1247 1925
1372 2080
1959 2520
3029 3432
997 3640
1258 5940
1157 6600
97 6825
970 8316
16074 30240
11277 114400
29950 144144
16477 300300
101737 327600
19978 1081080
124668 3088800
0 11
25 33
22 72
27 160
124 175
177 220
522 540
597 700
360 702
922 975
802 1092
943 1755
2147 2600
214 3024
1747 7800
5948 9360
1927 13650
2867 21450
6876 26208
8707 77220
53587 118800
70076 160160
159187 277200
167868 1965600
37 65
127 330
547 660
147 880
752 1716
1818 3510
3977 4620
4606 4752
3727 5850
1116 7722
3577 8800
11117 11550
4704 17325
2828 34320
37096 38610
24668 43680
62524 72800
3692 75075
13747 135135
140830 432432
45884 655200
545667 982800
6 24
10 44
27 55
70 77
156 176
524 525
577 650
292 1144
571 1287
837 1300
376 1485
1011 2184
917 2200
2182 2475
954 2700
3177 7280
7434 8775
2250 9504
11017 21840
3924 30888
14636 40040
22567 40950
67297 90090
54377 92400
151397 240240
2 12
21 28
41 84
160 378
447 550
357 630
828 1440
1554 1575
843 2016
1697 2730
1692 3168
3634 6435
956 6552
4413 8008
3218 8190
3302 10725
1387 15840
23580 28080
6884 35100
27164 48048
792 49140
11754 56160
16477 60060
10282 61425
43177 61600
8227 332640
383004 800800
226384 1351350
10 15
74 88
29 150
43 154
140 264
57 308
267 315
144 351
317 520
497 825
339 1008
774 1540
1224 1890
1500 2912
2083 3003
252 3744
2048 4095
1917 4290
3834 5040
5084 10800
10620 10920
12604 14560
3616 20790
29737 34650
15694 41184
37674 75600
41038 102960
102204 280800
20357 600600
3866398 4324320
51 63
34 91
13 99
58 216
54 286
16 297
257 300
28 416
70 504
400 693
437 770
857 910
574 924
107 1120
466 3276
477 3850
3022 3861
307 3960
3313 5544
3271 9009
6337 12600
8617 59400
66780 78624
149994 237600
8137 343200
149197 360360
506734 2162160
7 40
28 66
4 75
32 117
89 168
106 189
195 234
172 325
86 546
430 756
284 1056
1077 1260
67 1320
28 2464
2827 2925
4217 4400
1777 5460
5332 7425
2348 7920
9938 12870
3932 13728
3238 16632
5557 19656
3402 22176
19837 27300
19530 66528
7434 83160
22558 96096
86137 109200
235507 450450
1085737 3603600
18 27
12 32
36 52
19 100
69 140
47 165
124 208
197 260
380 528
517 585
465 819
517 1040
217 1080
1147 1365
1063 1638
1627 1848
1297 1980
1557 3080
1037 3120
2011 4914
2077 6240
7741 12012
9577 12320
5977 13200
9277 15400
16117 24024
14011 27027
4677 28600
32377 55440
51660 61776
17964 65520
78702 93600
84084 123552
258555 1544400
