# T=9 N=2^6,3^4,5^2,7,11,13 engine4 scan
0 9
8 10
7 11
1 12
1 13
1 14
2 15
8 16
3 18
19 20
20 21
2 22
4 24
19 25
2 26
6 27
3 28
5 30
18 32
3 33
5 35
7 36
26 39
6 40
13 42
20 44
8 45
10 48
4 50
42 52
12 54
21 55
36 56
11 60
42 63
2 64
22 65
30 66
33 70
16 72
14 75
11 77
52 78
16 80
15 81
79 84
12 88
20 90
63 91
22 96
6 99
34 100
46 104
53 105
19 108
11 110
11 112
8 117
26 120
87 126
12 130
60 132
23 135
80 140
81 143
31 144
29 150
41 154
58 156
110 160
123 162
116 165
68 168
74 175
144 176
41 180
128 182
186 189
34 192
82 195
123 198
14 200
32 208
23 210
30 216
81 220
100 224
35 225
132 231
166 234
41 240
175 252
242 260
212 264
132 270
250 273
274 275
131 280
70 286
64 288
78 297
284 300
101 308
134 312
308 315
30 320
42 324
49 325
170 330
151 336
124 350
318 351
160 352
50 360
206 364
51 378
340 385
322 390
141 396
64 400
68 405
176 416
353 420
140 429
55 432
396 440
400 448
59 450
362 455
185 462
89 468
70 480
386 495
91 504
230 520
224 525
221 528
510 540
44 546
251 550
481 560
555 567
488 572
354 576
500 585
177 594
596 600
352 616
16 624
397 630
474 648
524 650
401 660
403 672
564 675
258 693
274 700
30 702
688 704
96 715
170 720
414 728
91 756
330 770
67 780
516 792
116 800
102 810
166 819
149 825
382 832
116 840
840 858
138 864
560 880
312 891
209 900
490 910
893 924
930 936
537 945
190 960
59 975
971 990
466 1001
103 1008
710 1040
374 1050
291 1053
660 1056
750 1080
466 1092
456 1100
240 1120
480 1134
1104 1144
926 1155
890 1170
1131 1188
476 1200
1072 1232
38 1248
140 1260
48 1287
415 1296
74 1300
581 1320
739 1344
1259 1350
187 1365
159 1386
276 1400
247 1404
400 1430
1360 1440
622 1456
726 1485
487 1512
1040 1540
382 1560
149 1575
1452 1584
240 1600
1452 1620
238 1638
899 1650
161 1680
701 1716
1434 1728
832 1755
661 1760
393 1782
1709 1800
1260 1820
1421 1848
112 1872
1463 1890
199 1925
1474 1950
1361 1980
752 2002
1264 2016
1020 2025
510 2079
1552 2080
1349 2100
1668 2106
448 2112
206 2145
426 2160
1556 2184
236 2200
660 2240
150 2268
324 2275
272 2288
1770 2310
2321 2340
2316 2376
784 2400
1533 2457
836 2464
384 2475
62 2496
271 2520
2028 2574
570 2592
2374 2600
2106 2640
1884 2700
620 2730
336 2772
1876 2800
2532 2808
203 2835
1980 2860
1250 2880
2800 2912
584 2925
1722 2970
2648 3003
2863 3024
380 3080
2870 3120
1470 3150
256 3168
2262 3240
269 3276
536 3300
1840 3360
1460 3432
3026 3465
1272 3510
3301 3520
1527 3564
649 3575
809 3600
467 3640
2720 3696
544 3744
750 3780
324 3850
543 3861
174 3900
2621 3960
844 4004
67 4032
624 4050
980 4095
1077 4158
2534 4160
1316 4200
1830 4212
41 4290
1290 4320
1052 4368
800 4400
3552 4455
1495 4536
3474 4550
2464 4576
3729 4620
787 4680
24 4725
3108 4752
4624 4800
1182 4914
3441 4928
4884 4950
1390 5005
3740 5040
2424 5148
2298 5184
3184 5200
4017 5265
881 5280
4314 5400
1867 5460
353 5544
3424 5600
5270 5616
3983 5670
3480 5720
5624 5775
2416 5824
4409 5850
2892 5940
536 6006
4314 6048
4300 6160
1446 6237
112 6240
4349 6300
5728 6336
3176 6435
3882 6480
4508 6552
5156 6600
6260 6720
149 6825
972 6864
3234 6930
350 7020
1500 7128
4624 7150
6209 7200
747 7280
921 7371
0 7392
6159 7425
1022 7488
2049 7560
6149 7700
6582 7722
3710 7800
641 7920
228 8008
2249 8100
2780 8190
3561 8316
6716 8400
786 8424
2996 8580
8346 8640
8288 8736
6474 8775
5076 8800
6522 8910
2681 9009
9055 9072
809 9100
4272 9152
5381 9240
2150 9360
5399 9450
5484 9504
4992 9828
9184 9900
9930 10010
3200 10080
7037 10296
7341 10395
8209 10400
312 10530
5201 10560
605 10725
5610 10800
9380 10920
3248 11088
1520 11200
10938 11232
8400 11340
7440 11440
7199 11550
10410 11583
8909 11700
5586 11880
800 12012
2755 12096
1241 12285
9601 12320
8007 12474
6590 12480
1520 12600
7402 12870
9210 12960
4387 13104
5824 13200
11174 13650
6336 13728
11300 13860
5030 14040
6974 14175
4038 14256
7484 14300
4890 14400
12880 14560
138 14742
10032 14784
2364 14850
11015 15015
12835 15120
4756 15400
7968 15444
11374 15600
8000 15840
9904 16016
7770 16200
11750 16380
7719 16632
10916 16800
7914 16848
11261 17160
15774 17325
2816 17472
5270 17550
8624 17600
6852 17820
14966 18018
739 18144
10409 18200
4001 18480
8150 18720
8549 18900
10236 19008
4166 19305
5718 19656
5829 19800
8276 20020
9186 20160
14630 20475
5296 20592
13353 20790
8774 20800
17322 21060
7474 21450
3450 21600
8032 21840
15584 22176
4395 22275
11200 22464
5982 22680
17120 22880
20849 23100
15756 23166
590 23400
8826 23760
1148 24024
11120 24570
19440 24640
4038 24948
21311 25025
12161 25200
6380 25740
4890 25920
25024 26208
2345 26325
9424 26400
2886 27027
24209 27300
24640 27456
23676 27720
23750 28080
11699 28350
10236 28512
18836 28600
24080 29120
17970 29484
12984 29700
22136 30030
24931 30240
23116 30800
13116 30888
5577 31185
16384 31200
1541 31680
29488 32032
4895 32175
7914 32400
18620 32760
2508 33264
23024 33600
32538 33696
14876 34320
4224 34650
28709 35100
13110 35640
23720 36036
30979 36288
28150 36400
8877 36855
28961 36960
29872 37440
20274 37800
21252 38610
26945 39312
14800 39600
4580 40040
15374 40950
3712 41184
33792 41580
20226 42120
29840 42900
12090 43200
33382 43680
40049 44352
11814 44550
11605 45045
34003 45360
14112 45760
39956 46200
22884 46332
45809 46800
21252 47520
9116 48048
15312 49140
15702 49896
686 50050
13530 50400
44261 51480
42684 51975
18640 52416
34520 52650
16624 52800
31992 54054
7174 54600
37340 55440
42042 56160
31530 56700
732 57024
25424 57200
26697 57915
42918 58968
38229 59400
47876 60060
20730 60480
29724 61425
10480 61600
1056 61776
57552 62370
40624 62400
42688 64064
13810 64350
61914 64800
55430 65520
21252 66528
20442 67392
27200 68640
264 69300
68574 70200
39072 71280
13908 72072
30230 72800
53772 73710
14081 73920
14891 75075
6474 75600
10601 77220
37094 78624
6880 79200
11041 80080
78375 81081
7109 81900
10912 82368
35556 83160
52842 84240
12424 85800
830 87360
5484 89100
60830 90090
6787 90720
16640 92400
53934 92664
14630 93600
3426 95040
53376 96096
17736 96525
11947 98280
46860 99792
30936 100100
60209 100800
22220 102960
11499 103950
33350 105300
98868 108108
80150 109200
104880 110880
84432 112320
47730 113400
35424 114400
48162 115830
10886 117936
67584 118800
93200 120120
30509 122850
59760 123200
54192 123552
116709 124740
48460 128700
85530 129600
36112 131040
39714 133056
6186 135135
101712 137280
72080 138600
71274 140400
105276 142560
7392 144144
9520 145600
98382 147420
3986 150150
128730 151200
36341 154440
32064 155925
35774 157248
51024 158400
20596 160160
11202 162162
65609 163800
115746 166320
120666 168480
145024 171600
175164 178200
89240 180180
29310 181440
15800 184275
92276 184800
86772 185328
24209 187200
89504 192192
179734 193050
23990 196560
109824 199584
73836 200200
133600 205920
184974 207900
98870 210600
16676 216216
217430 218400
51041 221760
203585 225225
9930 226800
221984 228800
227172 231660
112890 235872
180570 237600
54161 240240
208974 245700
6672 247104
112902 249480
228640 257400
235792 262080
96276 270270
47441 277200
17009 280800
190812 285120
275921 288288
53427 289575
197142 294840
98480 300300
171930 302400
157872 308880
879 311850
234480 320320
84612 324324
2609 327600
198660 332640
4026 336960
76384 343200
83370 356400
134540 360360
116420 368550
10481 369600
252858 370656
244084 386100
155030 393120
133044 399168
193916 400400
277737 405405
181120 411840
368196 415800
332870 421200
422844 432432
367409 436800
38420 450450
107130 453600
264792 463320
382458 471744
272784 475200
412640 480480
150350 491400
233430 498960
22720 514800
190781 540540
128964 554400
158910 561600
116384 576576
67170 579150
330042 589680
197036 600600
59872 617760
121650 623700
605796 648648
189809 655200
487860 665280
68450 675675
84030 686400
634170 712800
260081 720720
63770 737100
589818 741312
241626 772200
616830 786240
676570 800800
167172 810810
46374 831600
353946 842400
429342 864864
49940 900900
132990 907200
886512 926640
569790 960960
27500 982800
841632 997920
181120 1029600
191742 1081080
158321 1108800
630474 1158300
82272 1179360
72774 1201200
265792 1235520
114774 1247400
389580 1297296
305009 1310400
789170 1351350
76764 1425600
939972 1441440
894470 1474200
518900 1544400
796756 1601600
1102722 1621620
97284 1663200
894470 1684800
173364 1729728
1119500 1801800
654852 1853280
27500 1965600
589980 1995840
147849 2027025
387040 2059200
240240 2162160
174174 2316600
82272 2358720
1117076 2402400
462174 2494800
624174 2594592
2006184 2702700
52350 2882880
473270 2948400
887584 3088800
2429502 3243240
2470170 3326400
410300 3603600
185466 3706560
1219409 3931200
823524 4054050
3123120 4324320
105774 4633200
1597556 4804800
4204374 4989600
96702 5189184
384564 5405400
3000470 5896800
2094906 6177600
1345872 6486480
5789964 7207200
946374 8108100
4963380 8648640
2712666 9266400
5494170 9979200
3988164 10810800
52070 11793600
2793252 12972960
10288880 14414400
518900 16216200
859386 18532800
9393564 21621600
859386 25945920
2606784 32432400
3988164 43243200
939972 64864800
495870 129729600
