s=0 t=0s stats={(13, 6): 1}
s=500 t=98s stats={(13, 6): 28, (13, 8): 28, (13, 10): 28, (14, 6): 28, (14, 8): 28, (14, 10): 28, (15, 6): 28, (15, 8): 28, (15, 10): 28, (16, 6): 28, (16, 8): 28, (16, 10): 28, (17, 6): 28, (17, 8): 28, (18, 6): 28, (18, 8): 27, (19, 6): 27, (20, 6): 27}
s=1000 t=198s stats={(13, 6): 56, (13, 8): 56, (13, 10): 56, (14, 6): 56, (14, 8): 56, (14, 10): 56, (15, 6): 56, (15, 8): 56, (15, 10): 56, (16, 6): 56, (16, 8): 56, (16, 10): 55, (17, 6): 55, (17, 8): 55, (18, 6): 55, (18, 8): 55, (19, 6): 55, (20, 6): 55}
s=1500 t=313s stats={(13, 6): 84, (13, 8): 84, (13, 10): 84, (14, 6): 84, (14, 8): 84, (14, 10): 84, (15, 6): 84, (15, 8): 83, (15, 10): 83, (16, 6): 83, (16, 8): 83, (16, 10): 83, (17, 6): 83, (17, 8): 83, (18, 6): 83, (18, 8): 83, (19, 6): 83, (20, 6): 83}
s=2000 t=432s stats={(13, 6): 112, (13, 8): 112, (13, 10): 112, (14, 6): 111, (14, 8): 111, (14, 10): 111, (15, 6): 111, (15, 8): 111, (15, 10): 111, (16, 6): 111, (16, 8): 111, (16, 10): 111, (17, 6): 111, (17, 8): 111, (18, 6): 111, (18, 8): 111, (19, 6): 111, (20, 6): 111}
s=2500 t=563s stats={(13, 6): 139, (13, 8): 139, (13, 10): 139, (14, 6): 139, (14, 8): 139, (14, 10): 139, (15, 6): 139, (15, 8): 139, (15, 10): 139, (16, 6): 139, (16, 8): 139, (16, 10): 139, (17, 6): 139, (17, 8): 139, (18, 6): 139, (18, 8): 139, (19, 6): 139, (20, 6): 138}
s=3000 t=666s stats={(13, 6): 167, (13, 8): 167, (13, 10): 167, (14, 6): 167, (14, 8): 167, (14, 10): 167, (15, 6): 167, (15, 8): 167, (15, 10): 167, (16, 6): 167, (16, 8): 167, (16, 10): 167, (17, 6): 167, (17, 8): 166, (18, 6): 166, (18, 8): 166, (19, 6): 166, (20, 6): 166}
s=3500 t=773s stats={(13, 6): 195, (13, 8): 195, (13, 10): 195, (14, 6): 195, (14, 8): 195, (14, 10): 195, (15, 6): 195, (15, 8): 195, (15, 10): 195, (16, 6): 194, (16, 8): 194, (16, 10): 194, (17, 6): 194, (17, 8): 194, (18, 6): 194, (18, 8): 194, (19, 6): 194, (20, 6): 194}
s=4000 t=883s stats={(13, 6): 223, (13, 8): 223, (13, 10): 223, (14, 6): 223, (14, 8): 223, (14, 10): 222, (15, 6): 222, (15, 8): 222, (15, 10): 222, (16, 6): 222, (16, 8): 222, (16, 10): 222, (17, 6): 222, (17, 8): 222, (18, 6): 222, (18, 8): 222, (19, 6): 222, (20, 6): 222}
s=4500 t=1001s stats={(13, 6): 251, (13, 8): 250, (13, 10): 250, (14, 6): 250, (14, 8): 250, (14, 10): 250, (15, 6): 250, (15, 8): 250, (15, 10): 250, (16, 6): 250, (16, 8): 250, (16, 10): 250, (17, 6): 250, (17, 8): 250, (18, 6): 250, (18, 8): 250, (19, 6): 250, (20, 6): 250}
s=5000 t=1121s stats={(13, 6): 278, (13, 8): 278, (13, 10): 278, (14, 6): 278, (14, 8): 278, (14, 10): 278, (15, 6): 278, (15, 8): 278, (15, 10): 278, (16, 6): 278, (16, 8): 278, (16, 10): 278, (17, 6): 278, (17, 8): 278, (18, 6): 278, (18, 8): 277, (19, 6): 277, (20, 6): 277}
s=5500 t=1243s stats={(13, 6): 306, (13, 8): 306, (13, 10): 306, (14, 6): 306, (14, 8): 306, (14, 10): 306, (15, 6): 306, (15, 8): 306, (15, 10): 306, (16, 6): 306, (16, 8): 306, (16, 10): 305, (17, 6): 305, (17, 8): 305, (18, 6): 305, (18, 8): 305, (19, 6): 305, (20, 6): 305}
s=6000 t=1358s stats={(13, 6): 334, (13, 8): 334, (13, 10): 334, (14, 6): 334, (14, 8): 334, (14, 10): 334, (15, 6): 334, (15, 8): 333, (15, 10): 333, (16, 6): 333, (16, 8): 333, (16, 10): 333, (17, 6): 333, (17, 8): 333, (18, 6): 333, (18, 8): 333, (19, 6): 333, (20, 6): 333}
s=6500 t=1460s stats={(13, 6): 362, (13, 8): 362, (13, 10): 362, (14, 6): 361, (14, 8): 361, (14, 10): 361, (15, 6): 361, (15, 8): 361, (15, 10): 361, (16, 6): 361, (16, 8): 361, (16, 10): 361, (17, 6): 361, (17, 8): 361, (18, 6): 361, (18, 8): 361, (19, 6): 361, (20, 6): 361}
s=7000 t=1567s stats={(13, 6): 389, (13, 8): 389, (13, 10): 389, (14, 6): 389, (14, 8): 389, (14, 10): 389, (15, 6): 389, (15, 8): 389, (15, 10): 389, (16, 6): 389, (16, 8): 389, (16, 10): 389, (17, 6): 389, (17, 8): 389, (18, 6): 389, (18, 8): 389, (19, 6): 389, (20, 6): 388}
s=7500 t=1675s stats={(13, 6): 417, (13, 8): 417, (13, 10): 417, (14, 6): 417, (14, 8): 417, (14, 10): 417, (15, 6): 417, (15, 8): 417, (15, 10): 417, (16, 6): 417, (16, 8): 417, (16, 10): 417, (17, 6): 417, (17, 8): 416, (18, 6): 416, (18, 8): 416, (19, 6): 416, (20, 6): 416}
s=8000 t=1786s stats={(13, 6): 445, (13, 8): 445, (13, 10): 445, (14, 6): 445, (14, 8): 445, (14, 10): 445, (15, 6): 445, (15, 8): 445, (15, 10): 445, (16, 6): 444, (16, 8): 444, (16, 10): 444, (17, 6): 444, (17, 8): 444, (18, 6): 444, (18, 8): 444, (19, 6): 444, (20, 6): 444}
s=8500 t=1895s stats={(13, 6): 473, (13, 8): 473, (13, 10): 473, (14, 6): 473, (14, 8): 473, (14, 10): 472, (15, 6): 472, (15, 8): 472, (15, 10): 472, (16, 6): 472, (16, 8): 472, (16, 10): 472, (17, 6): 472, (17, 8): 472, (18, 6): 472, (18, 8): 472, (19, 6): 472, (20, 6): 472}
s=9000 t=2007s stats={(13, 6): 501, (13, 8): 500, (13, 10): 500, (14, 6): 500, (14, 8): 500, (14, 10): 500, (15, 6): 500, (15, 8): 500, (15, 10): 500, (16, 6): 500, (16, 8): 500, (16, 10): 500, (17, 6): 500, (17, 8): 500, (18, 6): 500, (18, 8): 500, (19, 6): 500, (20, 6): 500}
s=9500 t=2123s stats={(13, 6): 528, (13, 8): 528, (13, 10): 528, (14, 6): 528, (14, 8): 528, (14, 10): 528, (15, 6): 528, (15, 8): 528, (15, 10): 528, (16, 6): 528, (16, 8): 528, (16, 10): 528, (17, 6): 528, (17, 8): 528, (18, 6): 528, (18, 8): 527, (19, 6): 527, (20, 6): 527}
s=10000 t=2239s stats={(13, 6): 556, (13, 8): 556, (13, 10): 556, (14, 6): 556, (14, 8): 556, (14, 10): 556, (15, 6): 556, (15, 8): 556, (15, 10): 556, (16, 6): 556, (16, 8): 556, (16, 10): 555, (17, 6): 555, (17, 8): 555, (18, 6): 555, (18, 8): 555, (19, 6): 555, (20, 6): 555}
s=10500 t=2356s stats={(13, 6): 584, (13, 8): 584, (13, 10): 584, (14, 6): 584, (14, 8): 584, (14, 10): 584, (15, 6): 584, (15, 8): 583, (15, 10): 583, (16, 6): 583, (16, 8): 583, (16, 10): 583, (17, 6): 583, (17, 8): 583, (18, 6): 583, (18, 8): 583, (19, 6): 583, (20, 6): 583}
s=11000 t=2487s stats={(13, 6): 612, (13, 8): 612, (13, 10): 612, (14, 6): 611, (14, 8): 611, (14, 10): 611, (15, 6): 611, (15, 8): 611, (15, 10): 611, (16, 6): 611, (16, 8): 611, (16, 10): 611, (17, 6): 611, (17, 8): 611, (18, 6): 611, (18, 8): 611, (19, 6): 611, (20, 6): 611}
s=11500 t=2604s stats={(13, 6): 639, (13, 8): 639, (13, 10): 639, (14, 6): 639, (14, 8): 639, (14, 10): 639, (15, 6): 639, (15, 8): 639, (15, 10): 639, (16, 6): 639, (16, 8): 639, (16, 10): 639, (17, 6): 639, (17, 8): 639, (18, 6): 639, (18, 8): 639, (19, 6): 639, (20, 6): 638}
s=12000 t=2720s stats={(13, 6): 667, (13, 8): 667, (13, 10): 667, (14, 6): 667, (14, 8): 667, (14, 10): 667, (15, 6): 667, (15, 8): 667, (15, 10): 667, (16, 6): 667, (16, 8): 667, (16, 10): 667, (17, 6): 667, (17, 8): 666, (18, 6): 666, (18, 8): 666, (19, 6): 666, (20, 6): 666}
s=12500 t=2832s stats={(13, 6): 695, (13, 8): 695, (13, 10): 695, (14, 6): 695, (14, 8): 695, (14, 10): 695, (15, 6): 695, (15, 8): 695, (15, 10): 695, (16, 6): 694, (16, 8): 694, (16, 10): 694, (17, 6): 694, (17, 8): 694, (18, 6): 694, (18, 8): 694, (19, 6): 694, (20, 6): 694}
s=13000 t=2951s stats={(13, 6): 723, (13, 8): 723, (13, 10): 723, (14, 6): 723, (14, 8): 723, (14, 10): 722, (15, 6): 722, (15, 8): 722, (15, 10): 722, (16, 6): 722, (16, 8): 722, (16, 10): 722, (17, 6): 722, (17, 8): 722, (18, 6): 722, (18, 8): 722, (19, 6): 722, (20, 6): 722}
s=13500 t=3079s stats={(13, 6): 751, (13, 8): 750, (13, 10): 750, (14, 6): 750, (14, 8): 750, (14, 10): 750, (15, 6): 750, (15, 8): 750, (15, 10): 750, (16, 6): 750, (16, 8): 750, (16, 10): 750, (17, 6): 750, (17, 8): 750, (18, 6): 750, (18, 8): 750, (19, 6): 750, (20, 6): 750}
s=14000 t=3200s stats={(13, 6): 778, (13, 8): 778, (13, 10): 778, (14, 6): 778, (14, 8): 778, (14, 10): 778, (15, 6): 778, (15, 8): 778, (15, 10): 778, (16, 6): 778, (16, 8): 778, (16, 10): 778, (17, 6): 778, (17, 8): 778, (18, 6): 778, (18, 8): 777, (19, 6): 777, (20, 6): 777}
s=14500 t=3309s stats={(13, 6): 806, (13, 8): 806, (13, 10): 806, (14, 6): 806, (14, 8): 806, (14, 10): 806, (15, 6): 806, (15, 8): 806, (15, 10): 806, (16, 6): 806, (16, 8): 806, (16, 10): 805, (17, 6): 805, (17, 8): 805, (18, 6): 805, (18, 8): 805, (19, 6): 805, (20, 6): 805}
s=15000 t=3412s stats={(13, 6): 834, (13, 8): 834, (13, 10): 834, (14, 6): 834, (14, 8): 834, (14, 10): 834, (15, 6): 834, (15, 8): 833, (15, 10): 833, (16, 6): 833, (16, 8): 833, (16, 10): 833, (17, 6): 833, (17, 8): 833, (18, 6): 833, (18, 8): 833, (19, 6): 833, (20, 6): 833}
s=15500 t=3513s stats={(13, 6): 862, (13, 8): 862, (13, 10): 862, (14, 6): 861, (14, 8): 861, (14, 10): 861, (15, 6): 861, (15, 8): 861, (15, 10): 861, (16, 6): 861, (16, 8): 861, (16, 10): 861, (17, 6): 861, (17, 8): 861, (18, 6): 861, (18, 8): 861, (19, 6): 861, (20, 6): 861}
s=16000 t=3622s stats={(13, 6): 889, (13, 8): 889, (13, 10): 889, (14, 6): 889, (14, 8): 889, (14, 10): 889, (15, 6): 889, (15, 8): 889, (15, 10): 889, (16, 6): 889, (16, 8): 889, (16, 10): 889, (17, 6): 889, (17, 8): 889, (18, 6): 889, (18, 8): 889, (19, 6): 889, (20, 6): 888}
s=16500 t=3730s stats={(13, 6): 917, (13, 8): 917, (13, 10): 917, (14, 6): 917, (14, 8): 917, (14, 10): 917, (15, 6): 917, (15, 8): 917, (15, 10): 917, (16, 6): 917, (16, 8): 917, (16, 10): 917, (17, 6): 917, (17, 8): 916, (18, 6): 916, (18, 8): 916, (19, 6): 916, (20, 6): 916}
s=17000 t=3841s stats={(13, 6): 945, (13, 8): 945, (13, 10): 945, (14, 6): 945, (14, 8): 945, (14, 10): 945, (15, 6): 945, (15, 8): 945, (15, 10): 945, (16, 6): 944, (16, 8): 944, (16, 10): 944, (17, 6): 944, (17, 8): 944, (18, 6): 944, (18, 8): 944, (19, 6): 944, (20, 6): 944}
s=17500 t=3955s stats={(13, 6): 973, (13, 8): 973, (13, 10): 973, (14, 6): 973, (14, 8): 973, (14, 10): 972, (15, 6): 972, (15, 8): 972, (15, 10): 972, (16, 6): 972, (16, 8): 972, (16, 10): 972, (17, 6): 972, (17, 8): 972, (18, 6): 972, (18, 8): 972, (19, 6): 972, (20, 6): 972}
s=18000 t=4074s stats={(13, 6): 1001, (13, 8): 1000, (13, 10): 1000, (14, 6): 1000, (14, 8): 1000, (14, 10): 1000, (15, 6): 1000, (15, 8): 1000, (15, 10): 1000, (16, 6): 1000, (16, 8): 1000, (16, 10): 1000, (17, 6): 1000, (17, 8): 1000, (18, 6): 1000, (18, 8): 1000, (19, 6): 1000, (20, 6): 1000}
s=18500 t=4175s stats={(13, 6): 1028, (13, 8): 1028, (13, 10): 1028, (14, 6): 1028, (14, 8): 1028, (14, 10): 1028, (15, 6): 1028, (15, 8): 1028, (15, 10): 1028, (16, 6): 1028, (16, 8): 1028, (16, 10): 1028, (17, 6): 1028, (17, 8): 1028, (18, 6): 1028, (18, 8): 1027, (19, 6): 1027, (20, 6): 1027}
s=19000 t=4272s stats={(13, 6): 1056, (13, 8): 1056, (13, 10): 1056, (14, 6): 1056, (14, 8): 1056, (14, 10): 1056, (15, 6): 1056, (15, 8): 1056, (15, 10): 1056, (16, 6): 1056, (16, 8): 1056, (16, 10): 1055, (17, 6): 1055, (17, 8): 1055, (18, 6): 1055, (18, 8): 1055, (19, 6): 1055, (20, 6): 1055}
s=19500 t=4368s stats={(13, 6): 1084, (13, 8): 1084, (13, 10): 1084, (14, 6): 1084, (14, 8): 1084, (14, 10): 1084, (15, 6): 1084, (15, 8): 1083, (15, 10): 1083, (16, 6): 1083, (16, 8): 1083, (16, 10): 1083, (17, 6): 1083, (17, 8): 1083, (18, 6): 1083, (18, 8): 1083, (19, 6): 1083, (20, 6): 1083}
=== done samples=20000 stats={(13, 6): 1112, (13, 8): 1112, (13, 10): 1111, (14, 6): 1111, (14, 8): 1111, (14, 10): 1111, (15, 6): 1111, (15, 8): 1111, (15, 10): 1111, (16, 6): 1111, (16, 8): 1111, (16, 10): 1111, (17, 6): 1111, (17, 8): 1111, (18, 6): 1111, (18, 8): 1111, (19, 6): 1111, (20, 6): 1111} (all feasible) ===
